CHR GENE Pval Pval_0.00 Pval_0.01 Pval_0.04 Pval_0.09 Pval_0.025 Pval_0.50 Pval_1.00
chr21 RBM11 0.167276713170584 0.0967058450928192 0.0999929535686472 0.110942341985499 0.132593050634855 0.217880477944709 0.370768035992476 0.807904622121528
chr21 HSPA13 0.652047376344016 0.458066639438151 0.463213412307066 0.478326745941659 0.501679068229146 0.557010552319192 0.61392889179522 0.659268465779886
chr21 SAMSN1 0.00773801333426505 0.00422631799598859 0.00445756964804084 0.00531741213581582 0.00749948015514691 0.0256137491909968 0.101520475425007 0.469562518959975
chr21 NRIP1 0.0965450540400752 0.190479373261584 0.175242879597352 0.128912779678576 0.090072148904856 0.0537411623149195 0.0474967359367345 0.0478249200334352
chr21 USP25 0.670462853287726 0.920152521673118 0.941820401049812 0.940270309402979 0.939920902516337 0.956695180089686 0.723083557721837 0.455049688583303
chr21 C21orf91 0.187985589605807 0.109388282054983 0.111397692608494 0.118102651498695 0.131152463755652 0.17775467194172 0.247200037191055 0.368157983439746
chr21 TMPRSS15 0.56083698902251 0.356628556448106 0.516395161882101 0.493793601223737 0.50026233732757 0.657448394185139 1 1
chr21 NCAM2 0.832949337473889 0.96290766072888 0.966633778711081 0.973971131098178 0.991641106135999 1 1 0.628379159882362
chr21 MRPL39 0.132553520963752 0.0890974709383288 0.0915135093276834 0.0990238864442593 0.112057944017679 0.153208962102507 0.20713491074391 0.278979108349862
chr21 CYYR1 0.36279321986468 0.324037193673333 0.321808991737587 0.314975362682351 0.302836384219826 0.263474976464378 0.232243536466517 0.225440532768461
chr21 ADAMTS1 0.822107974484597 0.589861221837134 0.541105839851721 0.676081490237278 0.748012120641301 0.762282218393169 1 1
chr21 ADAMTS5 0.819682510618084 0.785013723795023 0.787828810361132 0.786841488600324 0.742665312624441 0.843148820085991 0.934106288574974 0.659508283279317
chr21 LTN1 1 1 1 1 1 1 1 1
chr21 RWDD2B 0.249125782465305 0.151342189927835 0.154482993125593 0.164541610945779 0.183406401782326 0.259041796081829 0.407674548796565 0.865386433454269
chr21 USP16 0.917771574136963 0.746349472125734 0.781226050211044 0.806301830231851 0.820809833421076 0.936984257658324 1 0.960702222529106
chr21 CCT8 0.230680847491951 0.179833358611533 0.178217513619546 0.173626518109008 0.166765085777428 0.150585309570136 0.140166036709027 0.145021673102453
chr21 BACH1 0.435187640785667 0.388634812673988 0.372209469839756 0.3735665531971 0.360860165272423 0.320149649490528 0.278808541305279 0.256005842592626
chr21 GRIK1 0.578282434050355 0.376970217465208 0.385819791085019 0.394362703210109 0.408154390620164 0.437253668104311 0.454264952990426 0.463251084718021
chr21 CLDN8 0.578594915188397 0.40262977332476 0.408526533215257 0.425678057797545 0.452110513587255 0.522550406262546 0.620127961701664 0.763546002687949
chr21 KRTAP24-1 0.726047470436465 0.91927785974607 0.918689237484193 0.916708615021177 0.913326583729595 0.900232030179123 0.778796760875691 0.540744427829565
chr21 KRTAP25-1 0.644542874803618 0.447129274883983 0.453754847036434 0.473145047500815 0.502815942477238 0.576479754624834 0.692839585084529 0.973496117401271
chr21 KRTAP26-1 1 1 1 1 1 1 1 0.808884398015048
chr21 KRTAP27-1 0.3477640856216 0.422953187009329 0.419523357781161 0.409377403403797 0.392971249331185 0.345182993412103 0.287278671822637 0.22818673967617
chr21 KRTAP13-2 0.389405167057451 0.777292104709139 0.763948481662816 0.724162568743992 0.659933008148407 0.480535334198385 0.323192902838997 0.237248666253078
chr21 KRTAP13-1 0.767781589839573 0.567902473223774 0.577019702320839 0.600513022617964 0.627293704274101 0.672092711148601 0.704486185958862 0.688737303614095
chr21 KRTAP13-4 1 0.770888406364642 0.776179693249707 0.790907423370754 0.812791504571292 0.89333292797432 1 1
chr21 KRTAP15-1 0.250138414480419 0.511726709830668 0.504503053364752 0.483144412686094 0.448610574994151 0.349699204736511 0.245126140121016 0.166671287117202
chr21 KRTAP19-5 0.807711165030861 0.694796789269243 0.697040902966398 0.703044662551432 0.710821472356336 0.721420413063113 0.714735933676831 0.685069101729503
chr21 KRTAP19-7 0.532206897721179 0.366774833143157 0.371606752442712 0.386000116558435 0.409174033055589 0.473638896895165 0.569184084227731 0.767638081258694
chr21 KRTAP6-3 0.0543905994583088 0.0306920905382164 0.0320185825234125 0.03668262963261 0.0470677917699569 0.102583505442836 0.232676388720023 0.623532311741797
chr21 KRTAP21-2 0.374957666124547 0.384113289558516 0.38186042576819 0.374900501599049 0.362602564720906 0.320482225385355 0.271442225701444 0.240560899466852
chr21 KRTAP11-1 0.802563912004803 0.916104769544281 0.917248962403058 0.920350445926359 0.925529773999081 0.958673230774788 0.948343155182256 0.617768339552747
chr21 KRTAP19-8 0.132876599056085 0.143563691897844 0.142108294395021 0.138028365518635 0.132096978621235 0.118742200814467 0.108180520749444 0.10149702262329
chr21 TIAM1 0.991583488979624 0.97335653616029 0.989870406165805 0.995213486412454 0.999999953711241 1 1 1
chr21 SCAF4 0.114340735401874 0.745986932476211 0.690667058697356 0.608506522781169 0.458042309833401 0.199366853804656 0.105708690821096 0.0725004278726523
chr21 HUNK 0.110127586436239 0.12293488931964 0.125672395232142 0.122488752518106 0.0788556503100796 0.0627545124136953 0.0629698072939604 0.0704904800050356
chr21 MRAP 0.125333396195917 0.0776238399193883 0.0772484725569411 0.0767202305432209 0.0774302634650271 0.0859682934834924 0.102055572626082 0.125815966014152
chr21 URB1 0.999999991821481 1 1 1 1 1 1 1
chr21 EVA1C 0.718704602355386 0.507827246368407 0.513176244028621 0.527642647028856 0.54537504893958 0.565922346293502 0.572478884364816 0.564324270040888
chr21 C21orf59-TCP10L 0.253094899936496 0.28670418480483 0.283070770796791 0.275668080044201 0.255321692405425 0.208748927755404 0.169713483080906 0.152296807163787
chr21 TCP10L 0.717285633507684 0.806468461777773 0.806367589865215 0.804718110471875 0.797863900648917 0.749257699392533 0.652890158423249 0.545624110622929
chr21 C21orf59 0.231047644381437 0.141619270674485 0.145086087550333 0.156218085838702 0.17704531579586 0.256810583674146 0.398421521814113 0.740891185923569
chr21 SYNJ1 0.441779581178167 0.479977181985736 0.542046562288958 0.529005741261566 0.500858915079708 0.480617484606022 1 0.289044900563462
chr21 PAXBP1 0.77803761609031 1 1 1 1 1 0.837371175859401 0.555440052909618
chr21 OLIG2 0.55077338481789 0.45960772553242 0.460328750780761 0.461840009207512 0.462221547105101 0.450577998638788 0.425132539977316 0.401634327821471
chr21 IFNAR2 0.109008455171986 0.327774789273993 0.310330113134853 0.263401267850901 0.202281575216509 0.108363849286351 0.0738300443978409 0.0622799009222636
chr21 IFNAR1 0.0463006594920778 0.20840151721982 0.200835898543317 0.180147237298176 0.151421018514649 0.0927621317279126 0.0531902693267927 0.0309201390912639
chr21 IFNGR2 0.623717404383351 0.430550535748979 0.436279367748549 0.452955400115159 0.47858556096544 0.543813582379791 0.61604192479055 0.68371453188795
chr21 GART 0.0298143646902433 0.640074457433549 0.505817719476202 0.353778287842274 0.185384292155578 0.0452708788167262 0.0229397022285307 0.0163533732680182
chr21 SON 0.987107797228812 0.995628602712523 0.990557757016502 0.998791263568414 0.999856077220556 1 1 1
chr21 DONSON 0.33103643079911 0.509498164298909 0.512682676898038 0.490247846173578 0.451186400187981 0.335662885678659 0.241620028619823 0.197581006301876
chr21 ITSN1 0.77035934454706 0.552474323459702 0.531616761367804 0.584521463025349 0.597958249729539 0.738717667089779 1 0.908837697608906
chr21 ATP5O 0.0927592488972403 0.0690558599613881 0.0684591202463537 0.0668940740546129 0.0649456465880658 0.0625936925597187 0.0647188649894312 0.0734960470977041
chr21 SLC5A3 0.550187371678892 0.429550413225348 0.433918143368604 0.436307845076463 0.438076530042523 0.4343698093886 0.416558847149092 0.397259143092165
chr21 RCAN1 0.914936039089055 0.737674164627251 0.724711430413545 0.763269021210428 0.798553469225019 0.876112263507935 1 0.816202690108248
chr21 CLIC6 0.777723048142564 0.581198360575763 0.623023029153917 0.684811233587444 0.664825226283165 0.637848259583739 0.766652061592339 0.544573954544671
chr21 RUNX1 0.753069745610824 0.579233694077527 0.582201861093708 0.590542152998166 0.60247547159029 0.626052914901779 0.635813939378259 0.599893871209556
chr21 SETD4 0.868331088930876 0.698946191385239 0.702701729650798 0.713274874030191 0.728687946557542 0.766726304185835 0.810696489300066 0.699753966458643
chr21 CBR1 0.520181563608457 0.349025151110636 0.354359630037588 0.370573960824511 0.397617431603284 0.476216224585657 0.591248572494441 0.838220676039496
chr21 CBR3 0.276702411386347 0.184760265325905 0.184123270873384 0.182354310592759 0.179800613762793 0.174161078363764 0.17343087409029 0.188924961194026
chr21 DOPEY2 1 1 1 1 1 1 1 1
chr21 MORC3 0.838353622587273 0.648392850790246 0.660464231234959 0.674415819855156 0.698882987529614 0.775476695771201 0.964278616191844 0.949606706534489
chr21 CHAF1B 1 0.979502809088448 0.983605091967609 0.993615126169578 1 1 1 0.821468482267301
chr21 CLDN14 0.845602650751903 0.757601954978867 0.761604768131514 0.770387511302736 0.78481987442741 0.821159624945019 0.841143711515699 0.666003988174982
chr21 SIM2 0.876605666723784 0.721393338406723 0.766039216032263 0.726113916302077 0.775468077970286 0.918081812277207 1 1
chr21 HLCS 0.569380103336798 0.376829808781917 0.382610753547167 0.410653753184743 0.456288643734258 0.559946156009748 0.694229683545583 0.863779173458904
chr21 RIPPLY3 0.0586830848273494 0.07669320649573 0.0745611991456578 0.0686911749632051 0.0604938150621289 0.0443531929419644 0.0359226176054826 0.0354272762260173
chr21 PIGP 0.233142313490741 0.141632897323817 0.142213253061326 0.144202206871844 0.148112077323972 0.161966709473284 0.185630137474317 0.235264923835301
chr21 TTC3 0.493369125224899 0.996372313985008 0.998366308706155 0.982571584158117 0.973472847074962 0.847115665903607 1 0.316925664106576
chr21 KCNJ15 0.904179242040945 0.799444651887261 0.802793208256024 0.81219322016872 0.826544557795584 0.880138000180413 1 0.752728502576873
chr21 ERG 0.763223525022083 0.595887660955661 0.598597659859333 0.606238266611962 0.617271390742245 0.639478960908619 0.64674425107803 0.599697625327615
chr21 ETS2 0.350004418043018 0.42920914513096 0.420959228619987 0.392702182126822 0.391453540274507 0.314651154881021 0.227784617244862 0.184949625026337
chr21 PSMG1 0.349807551042256 0.216261061256519 0.220356736343427 0.233297722081259 0.256835819728908 0.342795669630869 0.492208448530328 0.980855942388356
chr21 BRWD1 0.999933020323015 0.999956253781175 0.999999469985784 0.999999692251052 0.999999997561084 1 1 1
chr21 HMGN1 0.0821410739674212 0.0543101022442515 0.0546979082791553 0.0559365942743681 0.0582578973856519 0.067914086051128 0.089566540950638 0.151480095670653
chr21 WRB 0.16017254657093 0.100043022331822 0.102212167104928 0.109137834078221 0.122107218265475 0.175550531802467 0.292662595669525 0.690036936083606
chr21 LCA5L 0.753902316116385 0.527128714625443 0.543156130231754 0.57924112587851 0.624657533343233 0.700414326347288 0.819466291799367 0.811838117189112
chr21 SH3BGR 0.813902031076357 0.675280827406753 0.680132413602302 0.693733947732485 0.713878394585581 0.763998502695094 0.795613551659202 0.756789748330597
chr21 B3GALT5 0.664914423687762 0.681670342947109 0.681685445779516 0.676162305519017 0.661797019843902 0.618104712391683 0.565215697403787 0.509908058413978
chr21 IGSF5 0.432272015386889 0.3115044996039 0.264441923259364 0.291014216439324 0.330403853626882 0.436841026449121 0.582950134275785 0.789771911538332
chr21 DSCAM 0.681260168491397 1 1 1 1 1 1 0.43515587340083
chr21 BACE2 0.794340027551712 0.592558769605611 0.597375429969495 0.626188392900286 0.644018281472504 0.68211162908457 0.680493277061309 0.611359410661196
chr21 PLAC4 0.0687753782298866 0.0547088188779176 0.0552171204030781 0.0567878223780665 0.0595278552998388 0.0687841471888444 0.0828917617021305 0.105804140124058
chr21 FAM3B 0.814597918260155 0.676556525622268 0.679885817735244 0.689345812455102 0.703293610984378 0.733582320091124 0.740277403215825 0.644833828059216
chr21 MX2 0.358128650850184 0.931192010541247 0.905694357937967 0.863141142344706 0.794838883821045 0.534614512684619 0.322338753311038 0.223072113036049
chr21 MX1 0.891474279665615 1 1 1 1 1 1 0.766137482862503
chr21 TMPRSS2 0.147891774314741 0.19744756514293 0.197372559956235 0.186413316248679 0.154222524382941 0.0970733596782744 0.0787205937186932 0.0751458423938758
chr21 RIPK4 0.860116283830996 0.999547310159728 0.99997459977562 0.998363945837503 0.999493468618271 1 1 0.708173457071153
chr21 PRDM15 0.999955628156653 0.999988086364904 0.999999810000596 1 1 1 1 1
chr21 C2CD2 0.429642810564493 0.289468233582223 0.300291312672738 0.32089419195559 0.361395714526669 0.466413920394146 0.598003820267313 0.780156716810878
chr21 ZBTB21 0.247024245213885 0.967437928433091 0.943381994576681 0.908747855708372 0.855823222840171 0.421364881826209 0.203496105415282 0.125065392118244
chr21 UMODL1 0.999999140220128 1 1 1 1 1 1 1
chr21 ABCG1 0.779764154956543 0.538623527392044 0.56048128926076 0.572122065160988 0.645986961155576 0.709755914408205 0.722505000205142 0.644431979690125
chr21 TFF2 0.486473832015124 0.325116791986282 0.328741669973124 0.339727467416418 0.35807294892921 0.412338324825605 0.484793496260014 0.602970945310856
chr21 TFF1 0.481504903290191 0.800378242062286 0.796229993659887 0.783518120988332 0.761061677581056 0.671967527154023 0.505880180545088 0.334950064927337
chr21 TMPRSS3 0.460603376793349 0.931999061016822 0.953329565524669 0.940541031907924 0.920196254756994 0.703894605465212 0.525778549006576 0.273248270168717
chr21 UBASH3A 0.919282125175635 0.939542446070272 0.936741652274846 0.92461328634071 0.933967030263304 1 1 0.785919959900822
chr21 RSPH1 0.615530594207069 0.465018294788906 0.473530208673303 0.481450602884536 0.49259924325533 0.491283146161959 0.452475301366937 0.415412615679381
chr21 SLC37A1 1 1 1 1 1 1 1 0.8342231605781
chr21 WDR4 0.0756737103877567 0.262483997597737 0.245292632565236 0.18847408892466 0.140159748323214 0.0766333898257999 0.0553428101739947 0.046990534445845
chr21 NDUFV3 1 0.941719924455779 0.954456058254784 0.965302164661589 0.980531531964746 1 1 0.83903035177167
chr21 RRP1B 0.474677464098124 0.810598598696173 0.803354511379125 0.808462749792516 0.770039479530992 0.611507988951527 0.412030895837295 0.295143639158568
chr21 PDXK 0.774767887223513 0.595826479672846 0.599930214774153 0.611586099492114 0.628925618806038 0.671614825094816 0.70839018749304 0.688282962065369
chr21 RRP1 0.918258413694229 0.937511695143553 0.953264970841526 0.969213158508989 0.977921700982065 1 1 0.736365271759926
chr21 AGPAT3 0.804632435409639 0.595290422728951 0.615809911934063 0.629161220096351 0.645741082102833 0.67240521819627 0.675903823952581 0.60990619296308
chr21 TRAPPC10 0.962294692585271 0.96907827807906 0.970872116117568 0.957631988532959 0.96702927209229 1 1 1
chr21 DNMT3L 0.392318029809148 0.279703868605585 0.278739043963433 0.276012739149442 0.271750358749842 0.257659141823806 0.242657522115381 0.242747126112836
chr21 AIRE 0.812331677927653 0.997845104568921 0.999244790742591 0.999635706048052 0.999225505702431 1 1 0.737157000656109
chr21 PFKL 0.0563965308607719 0.795155978059823 0.668880827796621 0.549320008821639 0.381176017942704 0.277283638383569 0.882341385406995 0.0348792373137724
chr21 C21orf2 0.699598525228736 0.812998334562425 0.858935851421169 0.81194438924832 0.828549675829518 0.838265830837887 0.654154254028732 0.485964528970283
chr21 TRPM2 1 1 1 1 1 1 1 1
chr21 LRRC3 0.624672893839849 0.952286904293212 0.948284631912577 0.945249375549428 0.935972210078519 0.806055281148014 0.570610284858214 0.431810192106839
chr21 TSPEAR 0.999712188430413 1 0.999886085616014 0.999896336662267 0.999997862941257 1 1 1
chr21 KRTAP10-3 0.33523168314375 0.753318961506304 0.753156830384406 0.670168513702589 0.618093571975544 0.365131758162458 0.263807931361884 0.199247425426733
chr21 KRTAP10-10 0.377416128379374 0.268441753783946 0.276464733618229 0.299538384751609 0.335137785956109 0.433849045089949 0.555674385461006 0.718996167538034
chr21 KRTAP10-11 0.672253728789202 0.553950428929676 0.549388919929127 0.553481846948672 0.563090668604798 0.538043356349191 0.507750917365699 0.484988760570307
chr21 KRTAP10-12 0.331964148340558 0.244149631105492 0.240257630607207 0.220760902473339 0.252700015386216 0.363094665060713 0.530324437158768 0.89631102792095
chr21 UBE2G2 0.223634824015609 0.149610556252661 0.151247970579851 0.156340526563387 0.165430407053972 0.199467380636323 0.266152401484339 0.43662983091012
chr21 SUMO3 0.746317875458733 1 1 1 1 1 1 0.570499335191819
chr21 PTTG1IP 0.842192266022124 0.729868574755965 0.734376040350477 0.746506511544403 0.762878446422438 0.798005150468316 0.785523555391889 0.657921671891843
chr21 ITGB2 0.55018041115806 0.966929929433605 0.975242928176035 0.966144395779243 0.953881451835404 0.942219411366014 1 0.385896797805936
chr21 FAM207A 0.641205184547251 0.457979170669144 0.463946858855746 0.481513383696521 0.509001164288214 0.578940545899225 0.663197860257187 0.754848444172481
chr21 ADARB1 0.865391762876672 0.937444276507327 0.915628385384159 0.94068420703787 0.938749705369456 1 1 0.687415863407232
chr21 POFUT2 0.0535204709696412 0.0711473903560728 0.0690899316240071 0.0580642345554332 0.0452997076274951 0.0301736551622422 0.0290175825247805 0.0326105693164019
chr21 COL18A1 1 1 1 1 1 1 1 1
chr21 SLC19A1 0.108925436597726 0.0626470851932886 0.0687510890698569 0.0846124019421331 0.104659848484401 0.209971150871449 0.446997385793467 1
chr21 PCBP3 0.328989434233335 0.249536971716724 0.247362493151201 0.241289101624905 0.23220286243932 0.20902702774132 0.196012684652449 0.201668451516607
chr21 COL6A1 0.99999784068599 1 1 1 1 1 1 1
chr21 COL6A2 0.709811241484531 1 1 1 1 1 1 0.199920587842292
chr21 FTCD 0.975856303267925 0.966172279583589 0.947722358914588 0.983984381704245 0.972730437351256 1 1 1
chr21 FTCD-AS1 0.317754314512533 0.241523095147699 0.240520006786373 0.237624136745785 0.233146225592074 0.221216458683756 0.208817304680434 0.202948255112601
chr21 SPATC1L 0.607026732674214 1 1 1 1 1 0.618673494109364 0.397048158362777
chr21 LSS 0.277409424023094 0.154647917886349 0.163987361701075 0.176587903920621 0.204423953210803 0.24484754014627 0.303356417576799 0.382836897944209
chr21 MCM3AP 0.368016406133483 1 1 1 1 1 0.986973370191041 0.0827623343047975
chr21 C21orf58 0.632356772707683 0.416810019703516 0.409640236604684 0.446003468056542 0.495086507247419 0.595339919173851 0.716923163979891 0.837200669404663
chr21 PCNT 0.140968772248458 1 1 1 1 1 0.558062103141099 0.169698025372392
chr21 DIP2A 0.682618069167103 0.613982417659223 0.599565294350104 0.745782191661318 0.637009263716211 1 1 1
chr21 PRMT2 0.923538867409343 1 1 1 1 1 1 0.754432673215307
