CHR GENE Pval Pval_0.00 Pval_0.01 Pval_0.04 Pval_0.09 Pval_0.025 Pval_0.50 Pval_1.00
chr20 DEFB126 0.20790824524729 0.133447730116451 0.136275360866507 0.145190154778532 0.161383849988705 0.221496859920643 0.326764839329361 0.541004652832791
chr20 DEFB127 0.441427938307247 0.309563048358117 0.309828838365293 0.310395006255272 0.310406777724928 0.303523459153906 0.292743156302641 0.299441734710635
chr20 DEFB128 0.0938008650672155 0.21290215867983 0.207165116958248 0.190838043189365 0.166554542320505 0.11189669260961 0.0745981739580428 0.0566784344931853
chr20 DEFB129 0.682723286500404 0.557073672850612 0.558559407927546 0.562234923860648 0.56614026191475 0.567272013774623 0.556066124508828 0.532039890518663
chr20 DEFB132 0.556246284528446 0.387305737324537 0.392882993598292 0.409373789885582 0.435854136518884 0.512374711028762 0.613755654846854 0.75232166183225
chr20 C20orf96 0.680815351744307 0.728900671268306 0.729339331536576 0.729692800446797 0.727267592306594 0.698615439777393 0.615344667614492 0.486908648856154
chr20 SOX12 0.265448588647909 0.802533147120761 0.787318100099659 0.740784806365599 0.661471670298328 0.42562188955246 0.241067366987482 0.158632959986239
chr20 NRSN2 0.639166299712665 0.787808275040713 0.785879811412717 0.778648752700565 0.762921875898895 0.695217598506162 0.573537681292798 0.438487210131335
chr20 TRIB3 0.350319264153308 0.213205820786259 0.229493371745678 0.244581701792352 0.27456005808901 0.373871661021997 0.526519649528967 0.920306731047474
chr20 RBCK1 1 1 1 1 1 1 1 0.904269300103097
chr20 SCRT2 1 0.941617945568554 0.944031327526475 0.950888689712554 0.96418473808503 1 1 0.812828857121324
chr20 SLC52A3 0.0920685988497465 0.0517619077929985 0.0533649284735803 0.0658795017935665 0.0952693585151498 0.209654250548358 0.381067315270153 0.794157826431292
chr20 FAM110A 0.681111731983163 0.467096467881744 0.473360536143986 0.491829232581136 0.520194271117188 0.583996405902479 0.650551562436578 0.699533421143037
chr20 ANGPT4 0.151173290249036 0.0912907291210908 0.0931629903157906 0.0966379204216548 0.103691872882872 0.126193190382869 0.15264044167856 0.182169511586392
chr20 RSPO4 0.32643277734917 0.680926073303597 0.703047534057816 0.66702812250878 0.601695387223507 0.408690564570227 0.27477486895346 0.206017399180565
chr20 PSMF1 0.60717542587662 0.478487920670522 0.48030602108111 0.484823642164724 0.488327031128104 0.470399263234967 0.433573852773434 0.407475501234862
chr20 RAD21L1 0.169081120687217 0.133634233365739 0.131576496705063 0.125909505547502 0.118028877939042 0.103357987598174 0.0991593344927323 0.108847598481874
chr20 SNPH 0.639222903521141 0.447776455209489 0.472491503646662 0.484761117945265 0.462385315737706 0.487159368682022 0.460806708922383 0.434687669358403
chr20 SDCBP2 0.614159047231117 0.833820303159035 0.832710494818451 0.828429345113286 0.818508847766717 0.760891045936082 0.594163600841349 0.41598269815009
chr20 SIRPB2 0.530831774194438 0.843135421296564 0.836140582022862 0.81490773123263 0.779132423842274 0.664995579586342 0.509574690584545 0.360558332446932
chr20 SIRPD 0.677007823657217 0.520703347049163 0.523380361622214 0.530513607244813 0.538942297391919 0.540053524440666 0.516186706418052 0.482904393124729
chr20 SIRPB1 0.578709085534224 0.417663877082402 0.42126312611207 0.432182541952583 0.450698767854136 0.511099048408956 0.60606776355742 0.786902054951069
chr20 SIRPG 0.209010717878996 0.116356773807288 0.114247878906129 0.12658842028902 0.129607292681283 0.163880341432158 0.218073706980566 0.305641011092645
chr20 SIRPA 0.766502538188585 0.605680883835999 0.608815593310793 0.617204195423923 0.628092813448958 0.643697851483661 0.638517506330001 0.612126975916278
chr20 STK35 1 0.815704376166334 0.822100424485312 0.840084904154362 0.870395831097396 1 1 0.974990153807788
chr20 LOC388780 0.173294463804427 0.1051158000488 0.108687734650772 0.120357654539907 0.142750422277638 0.230024053456204 0.390792272145822 0.974344991053923
chr20 TGM3 0.524584518615044 1 1 1 1 1 1 0.297237001323028
chr20 TGM6 0.999016307963539 1 1 1 1 1 1 1
chr20 ZNF343 0.850035821631989 0.662783276226988 0.675976546551034 0.690505511060465 0.705444255184494 0.740422795724025 0.749578534135464 0.663297116896225
chr20 TMC2 0.373856110251651 0.99694771802565 0.987778262862419 0.985835805906253 0.967265397206624 0.748836540311993 0.545207887292303 0.204974148315396
chr20 NOP56 0.707575697350107 0.629389768297805 0.658209495818422 0.653608597082916 0.654919350742436 0.615270372461768 0.544157002159816 0.479661202198971
chr20 EBF4 0.53527759756185 1 1 1 1 1 0.645680992506696 0.335209193065315
chr20 CPXM1 1 1 1 1 1 1 1 1
chr20 C20orf141 0.163284624651915 0.0953102195305102 0.0954557157933479 0.0962201311211964 0.0985166928009701 0.112005572585374 0.139541195884294 0.190944262560783
chr20 TMEM239 0.583321686880277 0.403594073363348 0.406885447579202 0.416754192427264 0.432940933033154 0.479013469307387 0.532013782161389 0.590206004498386
chr20 PCED1A 0.138494697473322 0.871107364896817 0.851321935037904 0.789886545662606 0.656159893755479 0.287267144626571 0.122651926492865 0.0741595717366884
chr20 VPS16 1 1 1 1 1 1 1 1
chr20 PTPRA 0.179018159130371 0.522064051512452 0.513996379995694 0.456812294507957 0.376568747241208 0.216525266691938 0.133136414582247 0.101179876399461
chr20 GNRH2 0.300306293713683 0.659702371127449 0.648809090839019 0.616306892672245 0.563061623908728 0.411011864597202 0.27114186398738 0.188957084143583
chr20 UBOX5 0.640029781646531 0.426692174330869 0.445781958455156 0.460195223293349 0.48922502092687 0.567820340062919 0.681965221301286 0.888032916287654
chr20 FASTKD5 0.886365526532053 0.702501542109527 0.71193178193106 0.731225511401647 0.744233207676685 0.817536262576976 0.963604323608506 0.789117879008206
chr20 LZTS3 0.759861169146681 0.98460721386922 0.989062147169555 0.989589308313309 0.993593598369312 1 1 0.559165576913055
chr20 DDRGK1 1 1 1 1 1 1 1 0.796984056685193
chr20 SLC4A11 0.96602249835925 0.960501332812147 0.941627555577827 0.986807820896373 0.994268438599982 1 1 1
chr20 C20orf194 0.3649140334292 0.783317369987769 0.773149900101244 0.742120001228463 0.689017432041677 0.517426029907375 0.335623922227453 0.227749693028362
chr20 ATRN 1 0.834326464050044 0.862822407834595 0.888188452151381 0.919570363779997 1 1 1
chr20 GFRA4 0.806689194478111 0.704828238289068 0.708711635229588 0.71863760549415 0.730352102519447 0.746416736425154 0.71461000264655 0.612908253306636
chr20 ADAM33 0.956335683900348 1 1 1 1 1 1 1
chr20 SIGLEC1 0.286919455784039 0.999999999999377 1 1 1 0.674160168400455 0.227746997997425 0.136812027021999
chr20 HSPA12B 0.419365743778568 0.757017501178338 0.746853519834735 0.707631040270089 0.685618428582693 0.550034328855231 0.370611532775936 0.270586217383869
chr20 C20orf27 0.568393184661346 0.809746325595476 0.807670358239173 0.79865716189301 0.775350273080568 0.642817125674619 0.465115569011106 0.36330912528495
chr20 CENPB 0.350019112604435 0.425337779418804 0.420594885672703 0.406439563772524 0.382989316026211 0.312748333345016 0.247397267787346 0.212618913572114
chr20 CDC25B 0.569865640644259 1 1 1 1 1 0.590088727200092 0.345895173438077
chr20 MAVS 0.119169912925489 0.280490835592752 0.273908795918567 0.205635736290661 0.157398085638813 0.106379732390433 0.0876846189883669 0.0741121280687279
chr20 PANK2 0.45250351672615 0.330784452375244 0.332697927739882 0.331642117050499 0.328696332778141 0.312811375440194 0.291504171918694 0.286597628708696
chr20 SMOX 0.373281051636089 0.224583817487565 0.235033214871569 0.252744150898763 0.281817968331018 0.380682356724611 0.533659101302756 0.860147514697646
chr20 ADRA1D 0.735729995839472 0.883341267833216 0.898886693716479 0.907880836431944 0.909087604505503 0.918229692425364 0.823751348050572 0.505161295094288
chr20 PRNP 0.8959131615208 0.987627575621909 0.988508853622136 0.991611576168673 0.999031843044107 1 1 0.73794567370751
chr20 PRND 0.788445549383287 0.618550840499317 0.622658853097422 0.634412928091882 0.652136323619347 0.699500260822145 0.784189798649355 0.842186722202657
chr20 RASSF2 0.450576190388939 0.603300368052333 0.599929019601958 0.589181660443851 0.569114539666687 0.491302507817608 0.383313516642212 0.297691839856346
chr20 SLC23A2 0.842299890466647 0.87441313217186 0.876274968235793 0.881497934936516 0.889903547153985 0.930281899450494 1 0.670865358046559
chr20 TMEM230 0.462508493694872 0.325388373036589 0.325906071955617 0.3271989958099 0.328277589355785 0.323049318201058 0.311618785201715 0.316334383103016
chr20 PCNA 0.0606520407390446 0.0427211847540621 0.0437533752101235 0.0470522234392384 0.0532833724039092 0.080802283467179 0.156145663787566 0.534142287877313
chr20 CDS2 0.386497865872977 0.275660958097732 0.277956993310838 0.28500468462225 0.297274911653106 0.340702150710753 0.419596619357764 0.610044644576388
chr20 PROKR2 0.507199469225348 0.346961023723283 0.322872720194454 0.338034451338015 0.404180206363939 0.484444564824674 0.595913797478828 0.730323439913587
chr20 C20orf196 0.10240427506835 0.426167510612918 0.411623993341839 0.370483284966673 0.309896251727918 0.177648628146277 0.0965544721842164 0.0608668135851357
chr20 CHGB 0.682877373124789 0.519060700989091 0.513796456046843 0.536500178851723 0.572693315355963 0.66823917579662 1 0.910525516759021
chr20 TRMT6 0.716793749890111 1 1 1 1 1 0.803660920374793 0.524982765151117
chr20 MCM8 1 0.812171740415413 0.79790738759485 0.840698715568189 0.861248624963871 1 1 0.846407618300424
chr20 CRLS1 0.64612312832094 0.43952793071499 0.445923330932522 0.465238212745497 0.496970436675931 0.5856172708828 0.705596582532438 0.885543962270886
chr20 LRRN4 0.816809417536592 0.79673971682209 0.794762415917004 0.804099141546234 0.79305481563793 0.884531134705219 1 0.635468005524976
chr20 FERMT1 0.0852579325081299 0.255705867340796 0.25480488177343 0.207438496116784 0.149878717574963 0.074104702385296 0.0521093687169817 0.0459374538300113
chr20 BMP2 0.567100688771153 0.849617779689329 0.841944058105739 0.819664937175166 0.784578726179897 0.684603825807913 0.557012713547564 0.405703578094303
chr20 TMX4 0.554752273238016 0.389328293141449 0.392118002816721 0.400297185201054 0.412957505549283 0.441777460697983 0.465290073939461 0.500986892722055
chr20 PLCB1 0.493630899653554 0.836483776300805 0.838921467410667 0.815281153454373 0.789122749423857 0.645621304138812 0.439024370828514 0.31032238579531
chr20 LAMP5 0.295408286943307 0.177156352648537 0.176759484173513 0.175966958150753 0.175656804907252 0.178237136158898 0.187892869104961 0.213801670543771
chr20 PAK5 0.0868878545723348 0.176363506974731 0.174057135842139 0.152879027591219 0.114152739178466 0.065686502263954 0.0502561119146672 0.0487280292893299
chr20 ANKEF1 0.231665553157083 0.389732547330335 0.376797030757367 0.334433548646297 0.292495884175602 0.176919604918476 0.150685958965102 0.134681268696378
chr20 MKKS 0.186391088741555 0.106109634414092 0.107213325550161 0.108227200503746 0.11166734488803 0.125922184673983 0.151484764844904 0.192496185553521
chr20 SLX4IP 0.211629662684167 0.431442812371366 0.421606935948037 0.393488806957015 0.351096513530344 0.249129891072988 0.169330239353661 0.125988452424076
chr20 JAG1 0.0178542557722547 0.144191599148654 0.132754405038355 0.0793879186829183 0.038292896712667 0.0153291497707919 0.0131566933300697 0.0110963543776993
chr20 BTBD3 0.329162589626791 0.203899632945754 0.208376829177054 0.218639067875179 0.235872989311761 0.286866402116105 0.360664937106667 0.493491984108511
chr20 SPTLC3 1 1 1 1 1 1 1 0.866891425370888
chr20 ISM1 1 0.942492871032601 0.953154120614336 0.995900714803775 1 1 1 0.850993995433882
chr20 TASP1 0.6781735026522 0.698208181954726 0.697932661229935 0.696215063077229 0.690745278298702 0.658442700264999 0.597294340286839 0.522092129961973
chr20 ESF1 0.565697321072527 0.626142458457734 0.627808021939373 0.620367882952821 0.610162197023472 0.565759136557183 0.484660185275261 0.389106196787902
chr20 NDUFAF5 0.230011745415606 0.149790093555829 0.150409346240367 0.15240702405622 0.156077995689233 0.16912445113751 0.190279552256875 0.225771015991849
chr20 SEL1L2 0.129801639339467 0.431419893484675 0.417041387756042 0.377022519144237 0.319706565929029 0.197166844197133 0.116403783105244 0.07704514243455
chr20 MACROD2 0.360714032098893 0.575529983494908 0.567186453523237 0.542213807674139 0.501249587868104 0.384060737099485 0.277798970985462 0.217606932422361
chr20 FLRT3 0.69139188281425 0.695010672334955 0.696211171917829 0.69890543442535 0.700413802590229 0.684220048698823 0.618469774487125 0.502911018906148
chr20 KIF16B 0.839620337147919 0.695895727723897 0.687128315633419 0.708406121202085 0.737186757548368 0.860551158127576 1 1
chr20 PCSK2 0.00602051082181843 0.00590610646319074 0.00569543155278512 0.00518213787729459 0.00462550968097606 0.00409036590969246 0.0043494378899548 0.00520927566203814
chr20 BFSP1 0.82802983927005 1 1 1 1 1 1 0.557029395946744
chr20 RRBP1 0.967033764150935 1 1 1 1 1 1 1
chr20 BANF2 0.454325826450486 0.396861007315328 0.396193638750871 0.394178899720199 0.390781218283175 0.379649583230257 0.362156376636148 0.332645667750792
chr20 MGME1 0.189705934528218 0.648757615437363 0.634217728232851 0.591149289948107 0.521533202623609 0.332965729835544 0.185377519834303 0.114689357383943
chr20 KAT14 0.822930298525848 0.617377352148104 0.632153417409955 0.691455745072703 0.683938879573146 0.730375448544271 0.808135508051974 0.723333456178217
chr20 ZNF133 0.160971077650131 0.0975982699493657 0.101016585253031 0.115020428817359 0.139909620908892 0.215214056211654 0.311355722004341 0.432901083828272
chr20 DZANK1 0.136806492737645 0.476328273075206 0.491852903039797 0.428331436778932 0.318705017492394 0.154441614089451 0.0971410737040049 0.0768056792143109
chr20 SEC23B 0.773817256904326 0.746702372474305 0.763894316496101 0.759272582314151 0.763652018645398 0.761638029632459 0.707220948104262 0.558898406546295
chr20 DTD1 0.292647877721648 0.451090983574274 0.442773226776805 0.418824632213076 0.382272640001442 0.291602848077759 0.2170164487885 0.174437081089674
chr20 SCP2D1 0.457065928937086 0.751060996938025 0.740764749666769 0.711789647027861 0.668605424790499 0.558950316105349 0.441246737679162 0.317231766559196
chr20 SLC24A3 0.565388427115322 0.380500680130757 0.434968400163537 0.455363717333727 0.486739236586283 0.577106078009674 0.729401136745134 0.939717417518437
chr20 RIN2 0.240807869498836 0.769778541146965 0.759730591356842 0.699771963993951 0.605493384277151 0.311408302836056 0.184566594109012 0.137058532211623
chr20 CRNKL1 0.134459226880941 0.483338426518552 0.451774501094579 0.395488257505433 0.320534517516796 0.172272246605268 0.100625465796618 0.0756714148374717
chr20 CFAP61 0.828876661445086 0.761705634207166 0.754006005484458 0.72813341832625 0.797202068396657 0.955406894790195 1 0.635346046877866
chr20 RALGAPA2 0.0414850618171314 0.0297584171995596 0.0396522120095625 0.0681221130997414 0.0768740998281524 0.293484715942838 1 1
chr20 XRN2 0.786231401690415 0.60240094976444 0.622644087470129 0.615815967113443 0.620443568413938 0.660411446877895 0.639980770819989 0.559038486790343
chr20 NKX2-4 0.174715323339703 0.356068810904743 0.35594334311302 0.33394118991596 0.295485338409225 0.18891160977421 0.121243850280082 0.0974129751243137
chr20 NKX2-2 0.484442491903776 0.462999591994671 0.461641390843227 0.457478807838869 0.450262822612801 0.425322079656769 0.385458932766786 0.330816940024531
chr20 PAX1 0.856981883421431 0.644213654719119 0.655251556469516 0.674623339570358 0.701757568217625 0.740789389707718 0.752732759034737 0.66384824471091
chr20 FOXA2 0.225631300653047 0.544792675946493 0.533535857804741 0.501701464341223 0.431715667333657 0.298135735707176 0.208863550451833 0.155772959673222
chr20 SSTR4 0.924709697395987 1 1 1 1 1 1 0.735091867182713
chr20 THBD 0.241488400307202 0.696765100846264 0.680665379109494 0.667737738346839 0.594264212526886 0.374169478816996 0.215958824278718 0.146416141375157
chr20 CD93 0.307636299316641 0.310598926947472 0.249035757768871 0.240944881035885 0.208499160726498 0.208113304530537 0.301289621009348 0.245199810947169
chr20 GZF1 0.841981517944349 0.658686822509769 0.665951124466458 0.688669317190588 0.710264165609697 0.796830714132086 0.93932609847353 0.853799222412266
chr20 NAPB 0.287883197550982 0.183339122250283 0.184976284329603 0.19007589392825 0.199103244633999 0.230265839966417 0.279886346805596 0.376215801047647
chr20 CSTL1 0.419739282483997 0.671135867316326 0.664568914916791 0.644558620380556 0.61029593742164 0.497497306153602 0.363650686869212 0.268456933384484
chr20 CST11 0.144790806510881 0.0894804248368945 0.0898422643178882 0.0910741221596467 0.0935906306202248 0.104647129786677 0.126825621610285 0.179555034119359
chr20 CST9 1 1 1 1 1 1 1 0.879119919496638
chr20 CST3 1 1 1 1 1 1 1 0.969712070772578
chr20 CST5 0.161553309237889 0.123905910029407 0.120921642488651 0.113054835103349 0.1033403543079 0.091683603437888 0.0943661128268063 0.108600242247704
chr20 APMAP 0.810409162926848 0.668150272072308 0.695174942269341 0.706311745458488 0.721270863732107 0.735446914650973 0.69637868734977 0.608061885124951
chr20 ACSS1 0.945358998774833 0.999559605305325 0.999749951753717 1 1 1 1 0.841468380761756
chr20 VSX1 0.632753021759833 0.691539293258851 0.772368334942822 0.760827198003318 0.755478395004849 0.715305715721593 0.587259320385257 0.423574340659571
chr20 ENTPD6 0.412937945717543 0.496957786701529 0.523416449493288 0.511831472175058 0.491405203611566 0.382840435579619 0.301019604084731 0.253316595370836
chr20 PYGB 0.0800800150454002 0.706646081916849 0.703363974103711 0.589789240947463 0.389812429327015 0.297537229649008 0.391096226699369 0.0450232521130869
chr20 ABHD12 0.728627209707297 1 1 0.997925627030638 0.991476835390466 1 0.801793684885454 0.519849790039731
chr20 NINL 1 1 1 1 1 1 1 1
chr20 ZNF337 0.954614167431103 0.913724551958326 0.970924717905832 0.977011050847943 0.994631262831405 1 1 0.868671952061969
chr20 DEFB116 0.757574882116429 0.919843298077483 0.919274770183285 0.917693695744654 0.915733855193829 0.914966340220143 0.853626199991903 0.587131056359453
chr20 DEFB118 1 0.995930077099963 0.997854308418358 1 1 1 1 0.924280098567159
chr20 DEFB119 0.879078577499038 0.905633413981239 0.910985706791864 0.928747589322012 0.968815922261374 1 1 0.763036698633611
chr20 REM1 0.668690869282516 0.443059157446671 0.45232959901508 0.480396253555332 0.52512103124931 0.634029365257701 0.761983905742542 0.880455631935427
chr20 ID1 1 0.831087805537773 0.834959581160925 0.846180658216604 0.864377727588829 0.941256682683547 1 0.864779189303562
chr20 COX4I2 0.0337568083830735 0.108281905510381 0.100565705612844 0.0808617958375263 0.0576056305919699 0.0280054541945437 0.0196429789589402 0.0178749418934744
chr20 TPX2 0.0202527566414806 0.0105825395077007 0.0117146346718201 0.0135205981592958 0.0179832304294092 0.0495681521341845 0.148662425415646 0.512113938590095
chr20 MYLK2 0.430424765829818 0.285561403378493 0.301671139640731 0.301122455921574 0.296606304906884 0.269181512872027 0.251973220215372 0.262500060163376
chr20 FOXS1 1 0.889870616883712 0.910930574854734 0.93125690114871 0.96324724252428 1 1 0.984045230851928
chr20 DUSP15 0.637341562180426 0.448272193706894 0.423343409790143 0.490679590900576 0.508048809165739 0.574289350729667 0.630800618284633 0.658961698083524
chr20 TTLL9 0.287838205211095 0.173290784180397 0.175324393328606 0.192595486636212 0.220834748227778 0.302891545079499 0.42483110870191 0.670090825356131
chr20 CCM2L 0.807742764284894 0.691002065625719 0.701859750724035 0.714428833916134 0.728370549415872 0.744428437488596 0.71382647773806 0.612449591345097
chr20 HCK 0.325386449027503 0.308517394194785 0.302254917362348 0.296825329127665 0.282840018149944 0.243813032935814 0.213444950876916 0.205066573638088
chr20 TM9SF4 0.029416407440475 0.0159688462269593 0.016082279095723 0.0167934108100315 0.019302141402358 0.0354484621059141 0.0658131395236811 0.117451917717032
chr20 KIF3B 1 0.867185195602865 0.876201203812556 0.902274574724621 0.943935933657835 1 1 0.817930928645227
chr20 ASXL1 0.557007318734135 1 1 1 1 1 1 0.43444818818925
chr20 NOL4L 0.517394984496848 0.323240873448989 0.330806133545444 0.341533824099576 0.363658888525669 0.415689274407447 0.458692069283508 0.498607745411769
chr20 DNMT3B 1 1 1 1 1 1 1 1
chr20 MAPRE1 0.505313751183619 0.326119818930038 0.329767565159582 0.340982654019351 0.360237411152225 0.420056767512847 0.496819834425286 0.601188520611632
chr20 EFCAB8 0.935488545317987 0.858211356381833 0.846477179965712 0.884027145710698 0.944503844230837 1 1 1
chr20 SUN5 1 1 1 1 1 1 1 0.870961263013385
chr20 BPIFB2 0.293095327495246 0.243401150918462 0.23720835250236 0.23416342863797 0.220110287332008 0.188002233662795 0.173463412311925 0.178005191423007
chr20 BPIFB6 0.739020636138633 0.80442385513078 0.721635858808707 0.803595592124292 0.804366076508087 0.773970610992131 0.654667413082429 0.528652699428104
chr20 BPIFB3 0.713839594435457 0.928314121771829 0.945059582319329 0.940209330186412 0.944461642298805 0.982007784791822 0.894918173675648 0.478371662769998
chr20 BPIFB4 0.932650691761264 1 1 1 1 1 1 0.836786947591969
chr20 BPIFA2 0.665971591177258 0.486787420766873 0.491118546186348 0.501680330175839 0.513925739660109 0.538023999800328 0.557312331557218 0.568321256354855
chr20 BPIFA3 0.0131948945899171 0.0125428936934943 0.0117007777011713 0.00970344119975645 0.00775917241272689 0.00738965812124595 0.0106304091491956 0.0158979892087539
chr20 BPIFB1 0.609544722682813 0.41655058316864 0.435383395498482 0.472999668018717 0.513886886161802 0.611935854382668 0.748246366256407 0.934702694986571
chr20 SNTA1 0.397335603276496 0.878515247022952 0.870090433431944 0.843899741648704 0.793243258638511 0.599897247770856 0.379080818470296 0.260253058018713
chr20 CBFA2T2 0.317450983647817 0.306978680233046 0.304733449833143 0.296238220848451 0.284671799059984 0.243028941827597 0.205791707396405 0.194590560173194
chr20 NECAB3 0.237487444146372 0.132791121046184 0.13212551601071 0.135224558605943 0.140331128845478 0.169464076209056 0.21518430871184 0.28571910075453
chr20 C20orf144 0.862338619704899 0.90014940606101 0.906829512570032 0.926704878701425 0.961182824654231 1 0.8786728372567 0.738650179859489
chr20 E2F1 0.347860457054319 0.213605873470161 0.214686157315948 0.218128059841339 0.223934402383988 0.237000657016994 0.255110280975092 0.298408466094891
chr20 ZNF341 0.473781040216955 0.302886123957795 0.297425179603629 0.316905953104218 0.350263406913929 0.471740140764857 0.61713078900521 0.956596951903511
chr20 AHCY 0.872990776664348 0.699792094785833 0.70572348076329 0.724693172373908 0.748853101295229 0.821220722028058 1 0.889730905700087
chr20 DYNLRB1 0.472369498312045 0.686798756697442 0.680640989290651 0.662771101434598 0.634793157619565 0.557371319413641 0.463931045136471 0.347335842914493
chr20 PIGU 1 1 1 1 1 1 1 0.962372739986625
chr20 NCOA6 0.851537393303479 0.999940266702218 0.999774714322202 0.999954959260893 0.999851644727406 1 1 0.543832353772878
chr20 ACSS2 0.727338936559941 0.496551632346311 0.541702227676045 0.534298535233228 0.58052872739978 0.669083947886857 0.746149618695187 0.794570909564521
chr20 MYH7B 1 1 1 1 1 1 1 1
chr20 TRPC4AP 0.741250542617313 0.707834891466701 0.708842987255156 0.716477204357052 0.725101724657115 0.724890936188529 0.666930701922616 0.540532346959795
chr20 EDEM2 0.474339087381189 0.319725872226639 0.338613448733671 0.327343234722356 0.319955423415502 0.304815172484122 0.292189618272728 0.284753090699434
chr20 PROCR 0.513424919344297 1 1 1 0.960046515592787 0.759996340893917 0.506880384097129 0.331256538680693
chr20 MMP24 0.907344705305646 0.760010012630432 0.789005013500392 0.80330593296731 0.777710919897681 0.848548405674787 1 0.729705254568339
chr20 FAM83C 1 0.939381309668265 0.928401550780782 0.9714702174452 0.987484366862507 1 1 1
chr20 UQCC1 0.556708352507292 0.38898169062319 0.394561401182242 0.411462035083985 0.439913867797138 0.52962007176302 0.660132942226816 0.952171194202763
chr20 CEP250 0.44377495755661 0.998227100718919 0.999956681156976 0.999997639992697 0.999988202860157 1 0.608336513573534 0.267186133133172
chr20 C20orf173 0.15203857463371 0.102147539998356 0.101896101314152 0.101219092393717 0.100341312458463 0.0994539734459231 0.102740427165409 0.118661036177546
chr20 ERGIC3 0.63772977923264 0.459512836256937 0.464458002764949 0.479208260033093 0.503282980279309 0.574309582260585 0.669504515177201 0.785369586184395
chr20 SPAG4 1 0.828359028409238 0.837245610517553 0.862486655573505 0.904812459658696 1 1 0.811012903112423
chr20 CPNE1 0.746274192493343 0.558005497171815 0.557509426736439 0.567269128553919 0.587456786202217 0.629110298159545 0.638660405767846 0.615520813987885
chr20 RBM12 0.895877481655335 0.895796088865129 0.920564062576641 0.911736366927609 0.90815370046703 1 1 0.724371165197619
chr20 PHF20 0.0321340685396707 0.0175295194291206 0.0180754699068672 0.0195310972688871 0.0234915142455801 0.0482409881192434 0.0976814700097704 0.184139667305852
chr20 CNBD2 0.298676093066667 0.530220712666563 0.555487078304719 0.522430740782861 0.463267020357427 0.330241638504579 0.223970952388239 0.175278109679528
chr20 EPB41L1 0.918186545595186 1 1 1 1 1 1 0.753392918947008
chr20 AAR2 0.385672903578244 0.474394369693449 0.463239290107475 0.45032872184602 0.427260955555643 0.345924050655426 0.275145570962425 0.238683452213045
chr20 DLGAP4 0.897708395459917 1 1 1 1 1 1 0.812061868651946
chr20 DSN1 0.496975727091895 0.321466066112708 0.325245396974663 0.336837940731436 0.356591430048751 0.416348935571364 0.489650457819606 0.581953479994182
chr20 SOGA1 0.984130117896685 1 1 1 1 1 1 1
chr20 TLDC2 0.0858684713317047 0.0532172427922904 0.0532876114277654 0.0537735920751435 0.0553658452046027 0.0640430372003311 0.0798455051370067 0.106902674913114
chr20 RPN2 0.0120460202743262 0.00647183663915623 0.00668608749948511 0.00746232109535911 0.00915545415343893 0.0194237372937932 0.0557221367874699 0.232285267197591
chr20 GHRH 0.852119880057863 0.764310478036506 0.766876342174155 0.774587117269611 0.787474948869242 0.828891076864467 0.893744308416543 0.986558033996238
chr20 VSTM2L 0.914465709933374 0.759994278779907 0.766595804733341 0.784598137769021 0.811471272343735 0.929490667414657 1 0.942387890315395
chr20 TTI1 0.949458797335679 0.921530938101551 0.916026721763888 0.92391308492101 0.907255207992729 0.991229109490102 1 0.957290526497386
chr20 RPRD1B 0.586701170881902 0.557840180458421 0.557347999529743 0.55562162475572 0.551922817909878 0.533873604667793 0.494402506779486 0.426559548242247
chr20 TGM2 1 0.96739982039117 0.990165461408024 0.995494650552546 1 1 1 1
chr20 KIAA1755 0.918434080926095 1 1 1 1 1 1 0.80873697074211
chr20 BPI 0.0456522082582014 0.482937979549004 0.413979115333391 0.276771129980436 0.151066764330352 0.0538264577719733 0.0337061593959309 0.0265860951510684
chr20 LBP 0.597411859452702 1 1 1 1 1 1 0.379361064357175
chr20 RALGAPB 0.797395968929153 1 1 1 1 1 1 0.62676924507242
chr20 ARHGAP40 0.801083347732526 0.99568914555563 0.999380498977267 1 1 1 0.733710453245903 0.515364820751088
chr20 ACTR5 0.617056056821995 0.446266963193394 0.411291248567812 0.436042667925339 0.449064413774326 0.427650418662781 0.416811481743497 0.405491909612214
chr20 PPP1R16B 0.0845877725322992 0.0580332011233464 0.0504597383678795 0.0550207819096528 0.0638787637999602 0.0941440230677145 0.142073473559196 0.231398641741882
chr20 FAM83D 0.293674536763504 0.185039919350546 0.189578003556487 0.196578136766913 0.208656608170423 0.240520180924619 0.279746933774266 0.338880236027464
chr20 DHX35 1 0.999423686385297 0.994452442249665 0.996000184620326 1 1 1 0.891455402800838
chr20 TOP1 0.0742359271897641 0.0628700427248501 0.0620058061853653 0.0595863995218346 0.056111783373853 0.0490702010425461 0.0462845363290891 0.0515484972511261
chr20 PLCG1 0.518270078798929 0.755046077285956 0.776331147122455 0.76100039785589 0.727880469027649 0.625961566044589 0.469418603222284 0.33714554614083
chr20 ZHX3 0.0218792982379522 0.596661958395952 0.591193411577931 0.37678793272893 0.197696239695982 0.0353020069991674 0.0686278898395927 0.0107207973709914
chr20 LPIN3 0.998801296499768 0.999005581116395 0.999676372604645 0.999947211839861 1 1 1 1
chr20 EMILIN3 0.762814960256574 0.995149083781846 1 1 1 1 0.968353927713846 0.596222216454137
chr20 CHD6 0.91599236471747 1 1 1 1 1 1 0.788214139763648
chr20 PTPRT 1 1 1 1 1 1 1 1
chr20 L3MBTL1 0.819781986363215 0.602534088516612 0.610266855024437 0.649212756029853 0.673647941237915 0.802753380835451 1 0.91720434625169
chr20 IFT52 0.262657638847442 0.31829813494423 0.314882565206828 0.30478919953324 0.288504937834165 0.242456261264505 0.196190159129279 0.16667570623368
chr20 MYBL2 0.245158087185255 0.144581051127502 0.146714914098563 0.151596632731616 0.159951101860375 0.178524101636558 0.20689610689882 0.245947926609963
chr20 GTSF1L 0.293065649135724 0.185464770619517 0.188726403783128 0.19898306478645 0.217546722704605 0.286318433616717 0.412730072541396 0.762370101857316
chr20 TOX2 0.926198035971773 0.95432710994174 0.9288043371989 0.95365532943026 0.964181229800391 1 1 0.717231806356719
chr20 JPH2 1 0.866780299793583 0.840755827564422 0.886683792966822 0.912735358579359 1 1 0.860763701350928
chr20 OSER1 0.7517073643871 0.589954322848501 0.594773659181285 0.608994208268175 0.63187792387608 0.700351899319004 0.80980026913209 0.944545509059286
chr20 GDAP1L1 0.810366434466898 0.830658573912453 0.815588620791505 0.869870082987355 0.87681407966994 0.90445483622025 0.924095149306056 0.606359034665348
chr20 FITM2 0.592347021228727 1 1 1 1 0.854773124691306 0.621292689792572 0.434299275674436
chr20 R3HDML 0.120123302823363 0.0698523231569648 0.0714161116692043 0.0766343961393689 0.0870429069505448 0.130344892585944 0.208929051771616 0.374969456066651
chr20 HNF4A 0.000540576585836949 0.000242092423279627 0.000260740688445875 0.000284876052764027 0.00038364359797293 0.00200952054656737 0.0132266857522642 0.0641187078851953
chr20 TTPAL 0.814211744665521 0.633207371109787 0.63912821917635 0.655767963621305 0.679767924062154 0.736389978070188 0.796948817540638 0.748499839708335
chr20 SERINC3 0.85995271018563 0.674699785135609 0.713440838547992 0.736537959871463 0.773140756647247 0.872933324093442 1 0.803030379483903
chr20 ADA 0.666377954299089 0.55052248496382 0.553260703991545 0.562523380951395 0.570667381363405 0.560280382597117 0.519338757566684 0.471407673347219
chr20 WISP2 0.779498057257408 1 1 1 1 1 1 0.573159909322805
chr20 KCNK15 0.815963596102572 0.629696455543641 0.636602504675629 0.655506609284152 0.681733262797832 0.752039722304973 0.873628018557111 0.867108651411165
chr20 PABPC1L 0.121273966040515 0.67197462947961 0.637299647321467 0.537284775144502 0.395070903940625 0.170298567173477 0.0955248386089716 0.0691664963538143
chr20 TOMM34 0.177770845967222 0.136758234810207 0.136297719751376 0.134978986080643 0.132983757106663 0.128148573560141 0.124462765245134 0.126043512184883
chr20 STK4 0.115718977142442 0.073964917691393 0.0757288183056008 0.0813840852711283 0.0921097792635153 0.139148004116476 0.259930477772222 0.957816768291386
chr20 KCNS1 0.637199679605293 0.627924576855951 0.640310817854708 0.642513950721348 0.636085714267121 0.587584518443535 0.508377780377575 0.437331165703913
chr20 WFDC5 0.799994126044546 0.657102918011361 0.6615150688057 0.674795279860529 0.69699299390553 0.767278410381978 0.873896190584308 0.957098814927765
chr20 WFDC12 0.384831332285302 0.467630613634182 0.463256568560836 0.449624183740166 0.425213627162916 0.347612158248198 0.28061689649085 0.245338275520902
chr20 PI3 0.559044408363823 0.378319846506219 0.383330110889713 0.398355967884018 0.422729859521074 0.489040465814047 0.577819438464161 0.724721572818858
chr20 SEMG1 0.0318734778730352 0.0223045389879116 0.017682604812895 0.0204501282003819 0.0263736650160785 0.0561474348789395 0.115851267140248 0.227627680113516
chr20 SEMG2 0.483813234093273 0.45496176602723 0.440032614259705 0.429092483274469 0.40502658894926 0.371033052791668 0.333020473054422 0.306965449306928
chr20 MATN4 0.641747421630612 0.425099286014261 0.424073506953204 0.471480709564363 0.527447611380782 0.621084479702718 0.746438185887735 0.866211332805544
chr20 RBPJL 0.847728847788067 0.684098602445799 0.663568081674308 0.727829926312515 0.732299343992071 0.78879772048019 0.777278732983861 0.708217761018557
chr20 TP53TG5 0.862269354958069 0.710505650200164 0.717072621673934 0.735478466571667 0.76274472969218 0.842326382963433 1 0.846953833888104
chr20 DBNDD2 0.457096660513913 0.543218176255599 0.539569759406594 0.528635929154704 0.510578652055134 0.456064914795599 0.386141357243843 0.306980990727023
chr20 PIGT 0.541255523768101 0.426439647502541 0.43007866894031 0.433035124888351 0.435785333634011 0.410953469660099 0.374091579238848 0.355231495942149
chr20 SPINT3 0.056867264590678 0.040376447466513 0.0417386652003458 0.0460586742773055 0.0539686629448106 0.0837418882889991 0.137752309377466 0.251383747017086
chr20 EPPIN-WFDC6 0.252205053867792 0.168780026260594 0.168947702192154 0.169514970329942 0.170663361514598 0.175772477565059 0.186685447194649 0.212986938842423
chr20 EPPIN 0.212652118414402 0.159975137017678 0.159564024726716 0.158380637188293 0.156570905325605 0.152054394377668 0.148369887695996 0.149946574036113
chr20 WFDC8 0.20615567954833 0.186739526429929 0.183576672657032 0.174662747231288 0.161623597161556 0.134005191891565 0.120792085942176 0.125539636164678
chr20 WFDC3 0.0829777895442809 0.0474459924153128 0.0482228164666095 0.0509638311031325 0.0569295287986418 0.0849382300802514 0.137520390384482 0.241807543208134
chr20 SNX21 0.250719975145857 0.809905883579592 0.798879941838856 0.756064943117537 0.630586028978761 0.359956203054267 0.208670219082696 0.145038002055688
chr20 ACOT8 0.436694606879243 0.968916158364359 0.969259253227544 0.954667706770226 0.924638457079593 0.761875986013648 0.43174206703661 0.23671883653129
chr20 ZSWIM3 0.0389516159618409 0.0233541404059847 0.024731153052578 0.0293576722886223 0.0381945479685712 0.0691096786666091 0.112039395854093 0.171010412776938
chr20 ZSWIM1 0.687411632292162 0.505745873273292 0.511430916613407 0.517580331965654 0.556027132637663 0.565843278680748 0.567228336042062 0.549175423542568
chr20 SPATA25 0.586029596623281 0.626422291623864 0.62496908854542 0.619852177349214 0.60900361730989 0.560861697077449 0.482532157483776 0.4006439933757
chr20 CTSA 0.58367816420788 0.401253182517678 0.403288437756228 0.408873869007513 0.416330446765799 0.428707289635602 0.438297632626395 0.4517952423277
chr20 PLTP 0.832024287648288 0.93577273503436 0.91877602974875 0.937815219032131 0.951888407603744 1 1 0.600011279921167
chr20 PCIF1 0.503988435526546 0.306357641786457 0.322411693977743 0.344187374160566 0.376584411555485 0.437997705812725 0.509168599692823 0.586099485468928
chr20 ZNF335 0.144616180583796 0.0601333692774303 0.105168517658777 0.0763035403092647 0.123838362143178 0.0724506518789847 0.0893079403576698 0.0928927267743931
chr20 MMP9 0.898187102117719 0.989674663543008 0.981786601341262 1 1 1 1 0.741622779852859
chr20 SLC12A5 0.576092882273747 0.412188521449061 0.422258195101765 0.446595514549297 0.476520183273533 0.576540139870097 0.697573076041368 0.841517163532499
chr20 CD40 0.0174997460707352 0.0538603345695486 0.0499637744690652 0.0403309009323036 0.0295443562722714 0.0161435741332183 0.0116570855354278 0.0100319479574885
chr20 CDH22 1 0.850469158015422 0.828028640210274 0.838583621766024 0.870631975821342 0.990438055337242 1 0.906319544897184
chr20 ZNF334 0.642954668916722 0.57653960443837 0.638340354615346 0.650978746672284 0.628962770721219 0.620880973370233 0.502061443344016 0.413548705910003
chr20 OCSTAMP 0.898427911716304 1 1 1 1 1 1 0.73580247243444
chr20 SLC13A3 0.254294081322667 0.520994354412539 0.524156812546569 0.493987854579502 0.441704209589242 0.307752480413194 0.206786147399472 0.154625750322664
chr20 TP53RK 0.336290075857747 0.205506353955558 0.208502783599311 0.217984483178209 0.235296246610777 0.298956604157262 0.405868767590993 0.629470303628834
chr20 SLC2A10 1 0.886764371820986 0.922423866851434 0.899713415651185 0.936454441177181 1 1 1
chr20 EYA2 0.826895834763924 0.625746161840637 0.641992643276777 0.657726227444649 0.678236637849136 0.740781022007527 0.80303747332528 0.748735206742711
chr20 ZMYND8 0.933563445502854 1 1 1 1 1 1 0.84372953975962
chr20 NCOA3 0.695689956649823 1 1 1 1 1 1 0.454333108803528
chr20 SULF2 0.0700131804674555 0.981958684163592 0.955429121368322 0.754834821918431 0.538293947880768 0.159733415612443 0.0677340713905681 0.0353166828701911
chr20 PREX1 0.999993999135066 0.999999740837281 0.999999999602269 1 1 1 1 1
chr20 ARFGEF2 0.979107494408306 0.998749092335747 0.996262453254849 0.998918950157265 1 1 1 1
chr20 STAU1 1 0.910807577703124 0.927025498525289 0.946164854367675 0.969877884340064 1 1 0.969116680977536
chr20 DDX27 0.555717680788959 0.356984416356162 0.37276582474672 0.387322188417808 0.417919153409674 0.491807849676132 0.57389586847497 0.666603667578286
chr20 ZNFX1 0.148856566676546 0.501686579726836 0.592469353381237 0.437928113330223 0.353764628919801 0.164458739615361 0.530021593535808 0.0843358075541289
chr20 KCNB1 0.628016086786221 0.94036601351156 0.93535811388563 0.925810320092831 0.913461033741137 0.84289878404415 0.627267936030108 0.43506624844073
chr20 PTGIS 0.877376560859457 1 1 1 1 1 1 0.640836369658166
chr20 B4GALT5 0.725765782745773 0.526598569135854 0.530391284487281 0.541169275692716 0.556641427358366 0.584091185520091 0.591430878130207 0.568267359132707
chr20 SPATA2 0.723144847420239 0.491855161670462 0.503414050186136 0.517705321474409 0.555142070869811 0.66491376680296 0.813965476547328 0.994107707413153
chr20 SNAI1 0.310858895104204 0.709413509321787 0.690018334166883 0.637968655885671 0.566001285135703 0.405119472970136 0.274553987925412 0.194684650265678
chr20 TMEM189-UBE2V1 0.106347029664591 0.153604820870205 0.151724451263128 0.146291452129169 0.137901599218151 0.116027260087852 0.0937461858796438 0.0741859510096506
chr20 TMEM189 0.125163249679698 0.156325751138966 0.154612890413211 0.149662572204263 0.142015739635318 0.12209498407537 0.101995970436768 0.0853108849363708
chr20 CEBPB 0.420788398377155 0.260619541019775 0.265645159274808 0.281246918199305 0.30708682890943 0.370617883615041 0.447274531359452 0.557013692512623
chr20 PTPN1 1 0.852858653941067 0.857774959760396 0.871275351618137 0.891666375235783 0.996342325789592 1 0.795762160951992
chr20 RIPOR3 0.407869238437045 0.999946884733085 1 1 0.980371087854816 0.865014242471884 0.444914640643199 0.202069569024366
chr20 PARD6B 0.601097340296064 0.689198131400133 0.689004034671845 0.687407457527262 0.681182187296416 0.633403784093955 0.526901789745008 0.413239355486994
chr20 BCAS4 0.0932137844206303 0.0574482159216709 0.0570215070591859 0.0560196756406433 0.0552255114192778 0.0583609282136963 0.0707898006360916 0.0966446175717661
chr20 ADNP 0.758714804985289 0.98462681008122 0.963894506463334 1 1 0.944972894170172 1 0.553291119317185
chr20 NFATC2 0.361861808664745 0.994201511464234 0.99466160768794 0.985080739173582 0.948971237627838 0.74694371458801 0.703340872410833 0.233808251738544
chr20 ATP9A 0.205581048335147 0.140294281135037 0.134219647869413 0.174400113786477 0.176341508454123 0.281091010006267 0.461301642656883 0.799662882832681
chr20 SALL4 0.999084162217703 1 1 1 1 1 1 1
chr20 ZFP64 0.208101771012276 0.135311024298158 0.131754667616144 0.130802607095202 0.123806290445285 0.121759006307648 0.139000645462972 0.146385533866986
chr20 TSHZ2 0.579304649163885 0.994267737760553 0.999958629566022 0.998543014679059 0.998159242680876 1 1 0.444256862348946
chr20 ZNF217 0.935784781724925 0.884543837748689 0.836347496087459 0.86070768495217 0.956790846701457 1 1 1
chr20 BCAS1 0.624593718694953 0.695634299156741 0.680166628247003 0.676792211728185 0.657264367491384 0.582543638456352 0.505599000941205 0.444325785585879
chr20 CYP24A1 0.905326415253471 0.765257283032632 0.756603250394957 0.779641435683428 0.802878408499523 0.899964339923658 0.946757920697641 0.788455260203431
chr20 DOK5 0.121938697970391 0.0726242975016177 0.072686636413136 0.0731236772658997 0.074644790127547 0.084567845256533 0.106582881313377 0.150807160905558
chr20 FAM210B 0.424403453818199 0.301046825505816 0.303520413236272 0.31104539860627 0.323889131519632 0.366693843923199 0.436653557081501 0.582153891245637
chr20 AURKA 0.0326606081782403 0.129038974890018 0.125236143258922 0.114619025187314 0.0992922628906144 0.0652956709116314 0.0392667978762649 0.0229109547822592
chr20 CASS4 0.676711011880298 1 1 1 1 1 1 0.504500599708974
chr20 RTFDC1 0.506242815111008 0.350931574873625 0.351550056563642 0.353226915188652 0.355217206567467 0.353793044311728 0.343821793291692 0.342352897181913
chr20 FAM209A 0.348812403463118 0.228349853729842 0.230366375542042 0.236473903997292 0.246616231745634 0.275679156938729 0.314812060826878 0.397186822206506
chr20 FAM209B 0.111050176682997 0.0728812489055244 0.0713378627439432 0.0675746672368443 0.0638870792122458 0.0640828250217145 0.0729384133408238 0.0898359563788721
chr20 BMP7 0.163510781419693 0.216829194065354 0.2113196643461 0.196259212890835 0.175539219808453 0.135723480361278 0.112941204706811 0.102978613209772
chr20 RAE1 0.696438965319799 0.548362444912458 0.550868873117159 0.557627354726467 0.566011904304446 0.570066593860456 0.546544627853757 0.50198628516613
chr20 RBM38 1 1 1 1 1 1 1 0.862522137824281
chr20 CTCFL 0.256690634225509 0.410895962237425 0.421804028555476 0.390985547513679 0.343269091904682 0.226434364139549 0.16493386686248 0.143959561905965
chr20 PCK1 0.108914707460142 0.401350876831768 0.384261922435856 0.289435074957408 0.221491177604779 0.118558054301433 0.0861690723273442 0.068798045654429
chr20 ZBP1 0.0733255764573568 0.183469217144017 0.167629860233794 0.114004029224894 0.070417404611499 0.0404222966191555 0.0359772739352679 0.0359158632727622
chr20 PMEPA1 0.286524017421182 0.218608567478358 0.217459284249319 0.214198981719463 0.209390043628343 0.199184347675284 0.19463606028801 0.198477585511486
chr20 C20orf85 1 0.990250078248676 0.991178915971342 0.994337450150462 1 1 1 0.902219067654819
chr20 ANKRD60 1 0.915692601942055 0.922941538934193 0.950310090112623 1 1 1 0.84869247603577
chr20 APCDD1L 0.435992687356354 0.999997483077054 1 0.999314635545755 0.993656524217812 0.850374864429894 0.496117436149583 0.289750265558394
chr20 STX16 0.212928523951773 0.18226089975359 0.180268020467421 0.174589402560277 0.166067335039397 0.145815294144567 0.131311514539656 0.130655559844274
chr20 NPEPL1 0.340819598684084 0.204895803511616 0.227134884183581 0.228749309833299 0.245657532857816 0.315668529605544 0.394042807271959 0.500512019403269
chr20 GNAS 0.839396299205498 1 1 1 1 1 1 0.670453417176149
chr20 NELFCD 0.198394675327804 0.525129040483331 0.508397951797645 0.460196787979446 0.387496405354277 0.230882456920306 0.1478069000239 0.115301402912944
chr20 CTSZ 0.80582084793275 0.828674068191383 0.830936304652928 0.836937949766028 0.845091232716669 0.86715062983071 0.842491326939841 0.619702232756129
chr20 TUBB1 0.408991989765729 0.530250376469012 0.561462662973741 0.540008892455007 0.500828214244458 0.374936272705133 0.285422809394756 0.244235518189522
chr20 ZNF831 0.970757596720328 0.999981410896753 1 1 1 1 1 0.90649526556002
chr20 PHACTR3 0.741973169528115 0.525288237885129 0.502592036467747 0.533151309486389 0.571196549064761 0.667003642411925 0.802000789697343 0.95114409620256
chr20 SYCP2 0.74847638906882 0.621865405816907 0.6650947080677 0.670381989183187 0.674775249762778 0.654015173685617 0.607581562085464 0.557673900792989
chr20 FAM217B 0.708165966483225 0.542715266305558 0.544925624334437 0.551168836740471 0.560077267208982 0.574296500811063 0.563333064644595 0.515839109367262
chr20 CDH26 0.695686074859748 0.491707456020893 0.539805126646759 0.528465155741085 0.576853681745247 0.570083899689785 0.61677046196527 0.572850415915132
chr20 CDH4 0.636187458214867 0.790746114626055 0.806016933120739 0.78874913160517 0.764424841043535 0.772262748682155 1 0.410550688705678
chr20 TAF4 0.794680566487194 0.849189724518397 0.82470159472856 0.860398831074971 0.871144924636516 0.912178497906272 1 0.593967755819352
chr20 SS18L1 0.642301831571997 0.43938978705826 0.450330486380067 0.468829883986986 0.49771596813491 0.552044959747057 0.620749655103936 0.682942198148823
chr20 MTG2 0.771930559528432 0.994910463192233 0.998217295687708 0.998474074757189 0.997733252861228 1 1 0.543972577301401
chr20 HRH3 0.763719401086613 0.772631490687003 0.784714221204627 0.791218447425277 0.796322430866798 0.793663037558338 0.728761133073392 0.568163317627786
chr20 ADRM1 0.0920850482198173 0.0566643693458303 0.0560401346563236 0.0574181811791342 0.060194909943677 0.0733293400438435 0.0956517286698098 0.131130549903648
chr20 LAMA5 1 1 1 1 1 1 1 1
chr20 RPS21 0.527990025459088 0.414543264069944 0.41715756437189 0.425126076481603 0.438829633759179 0.48634861977371 0.573057686401886 0.834634758168373
chr20 CABLES2 0.326628112746659 1 1 1 1 0.791701437016103 0.368268516948096 0.183852814793987
chr20 RBBP8NL 0.626068368823262 0.982272965614615 0.988325347120035 0.986440306726283 0.985372318731722 1 1 0.407619361295343
chr20 GATA5 0.0851197116108852 0.0489952903461452 0.0504344284512641 0.0500467638136597 0.0488868187875598 0.0487104729363199 0.058092018320336 0.0782988927909428
chr20 MIR1-1HG 0.282052120971197 0.272753189781285 0.26941139876141 0.25970136016384 0.244329989777234 0.204910269596309 0.179277954839245 0.173465563921705
chr20 SLCO4A1 0.261263350285001 0.31246094619158 0.31027381991812 0.297884549888998 0.258403604711041 0.185274279546639 0.385465893998932 0.148987434834792
chr20 NTSR1 0.3554678571309 0.546128100940422 0.596174881240449 0.551580060080095 0.474352618068199 0.3248478046661 0.231650814475526 0.201236660265198
chr20 OGFR 0.375321721436385 0.280369832361355 0.296595798240746 0.278299145794025 0.275203005873519 0.238885573113773 0.237523518492874 0.234607951996607
chr20 COL9A3 0.999662879169141 0.999817786932776 0.999956389554189 0.999990635831407 1 1 1 1
chr20 TCFL5 0.629618653123343 0.844153498634337 0.860308000949108 0.852424702590906 0.837302770949155 0.76065025769078 0.593917727394387 0.410995422543932
chr20 DPH3P1 0.577990760861761 0.653816976881325 0.65141204370378 0.644209025346937 0.632262959119168 0.594893271456775 0.54060715559171 0.452887688363299
chr20 DIDO1 0.0721329156600818 0.99995431667692 0.999999905387851 0.999971742623319 0.9927527637667 0.591720451322183 0.320516635442859 0.0645784376673642
chr20 SLC17A9 0.266568591157849 0.923811114309837 0.899031558614932 0.857087787963013 0.773076804962307 0.480715592232267 0.259428971618082 0.16244175174389
chr20 YTHDF1 0.761007880042275 0.594906474869828 0.552172578724105 0.596890485005423 0.677803056538426 0.803296884400443 1 0.9746585268354
chr20 BIRC7 1 0.969304248728802 0.968997340378981 0.974720333688076 0.995047622610046 1 1 0.861668986591633
chr20 NKAIN4 0.638779089435887 0.654560774469878 0.653824809697951 0.650976815778858 0.644282671212608 0.611229835918871 0.547022731803261 0.452602550452484
chr20 ARFGAP1 0.746032463358195 0.503956321799018 0.5465580170976 0.569660078175971 0.594480195055176 0.650551394063063 0.727793557861329 0.743320704763888
chr20 COL20A1 0.44986163810512 0.996825730149944 0.980005328834134 0.986409119587658 0.97464825454269 0.626165612683518 1 0.22058179328072
chr20 CHRNA4 0.694866086973112 0.772473501237665 0.825965837781226 0.837135936517588 0.787713948733438 0.719692450537525 0.671130690073083 0.492139253018449
chr20 KCNQ2 0.524815305612094 0.80811148190083 0.854735734605868 0.849102267271708 0.803614596179668 0.613766490665114 0.433460679464291 0.321615893837311
chr20 EEF1A2 0.288111911317858 0.181935739181222 0.18184029224575 0.181641284715359 0.181372671274681 0.181864289094967 0.191768824675642 0.217308871917119
chr20 PPDPF 0.107707203851585 0.180664670638908 0.177015779198937 0.166668251416348 0.151290299828127 0.115143306957808 0.085769719714651 0.0680478394719148
chr20 PTK6 0.0750530698902996 0.0422550496077101 0.0491214244244649 0.0584021991508674 0.0709560173808053 0.133754260026681 0.282840699268499 0.868722910900836
chr20 SRMS 1 1 1 1 1 1 1 1
chr20 FNDC11 0.231167279702384 0.135140833700237 0.141941934874855 0.138885979715417 0.142051778121948 0.157970333888183 0.187576537335668 0.238957424488465
chr20 HELZ2 0.527358995228034 1 1 1 1 1 1 0.828317882658316
chr20 GMEB2 0.254167008898974 0.149854980187495 0.155039845271756 0.169778807270451 0.197534156547111 0.290688275536347 0.442363582953143 0.861186196102684
chr20 RTEL1 1 1 1 1 1 1 1 1
chr20 TNFRSF6B 0.0197625633479692 0.0574757160620944 0.0399162537146438 0.0362842381470228 0.0290643464929201 0.0166683170693485 0.012916584274677 0.0130062529209867
chr20 ARFRP1 0.751231865857271 1 1 1 1 1 0.760576905637415 0.551917596370278
chr20 ZGPAT 0.612731297662847 0.51954822492781 0.505182774473085 0.530130747234654 0.552892651046544 0.495923747540189 0.436000599612719 0.389398902849599
chr20 SLC2A4RG 1 0.975290403175354 0.979007607144439 0.990917015667471 1 1 1 0.891659861616791
chr20 ZBTB46 0.184115083687172 0.671608595810858 0.674046347018103 0.643596693301374 0.55064795902492 0.349832027873619 0.194120103521516 0.127398733052179
chr20 ABHD16B 0.323504332657206 0.205606079227679 0.201123004464643 0.202593901161484 0.211417122130499 0.226488540985438 0.2448461510855 0.264422062241699
chr20 UCKL1 0.182329359759635 0.430080889058733 0.407652045600186 0.375956003638505 0.323618603113501 0.216267353683704 0.146935928132736 0.10580313013577
chr20 ZNF512B 0.44425114907485 0.240655607859695 0.237423826237674 0.298606291800159 0.271310985629284 0.34781410033659 0.479824083564116 0.568309040651492
chr20 SAMD10 0.714394747424498 0.533383606215936 0.538450465849176 0.553265167256384 0.57644454243252 0.640123474620194 0.742828931614252 0.911933329386363
chr20 PRPF6 0.209642122204706 0.184445192505155 0.130598557256013 0.128404802678817 0.150994417435323 0.217196735353496 0.327591692104322 0.573767126291337
chr20 TCEA2 0.829839631710126 0.837108777293412 0.841273647585699 0.852640917140291 0.868126589502022 0.89771053880027 0.866148421523528 0.65913113749987
chr20 LKAAEAR1 0.756931095999914 0.724912342812683 0.727076906231202 0.732725839178577 0.739241083042574 0.737682548369724 0.692288715300948 0.582142455245287
chr20 OPRL1 0.000931089882751923 0.00049385987888147 0.000525218782014948 0.000530992140487918 0.000703925638427686 0.00319657945908636 0.0160063300472128 0.0624828842478494
chr20 NPBWR2 0.362030040047606 0.219621680196466 0.223379676044398 0.231527364890654 0.243672373454483 0.275391323919825 0.308277758991031 0.352778268823592
chr20 MYT1 0.557124398142901 0.992605531350971 0.996639199455169 0.99527751712254 0.994689709538423 1 0.755417918938476 0.354684467142282
