CHR GENE Pval Pval_0.00 Pval_0.01 Pval_0.04 Pval_0.09 Pval_0.025 Pval_0.50 Pval_1.00
chr20 DEFB125 0.616121565070912 0.428252797866299 0.43226690043753 0.443868795283185 0.461225299277448 0.499374127924226 0.540315651971953 0.595052125248761
chr20 DEFB126 0.505676933808253 0.718583653610678 0.715456897006038 0.705152517886162 0.684759304425403 0.594915402682184 0.45294360272157 0.336897391093602
chr20 DEFB128 0.609583856465985 0.555335069067322 0.555165681379614 0.554645378960441 0.553738125244308 0.55050794150693 0.544532688869376 0.529863481892788
chr20 C20orf96 0.489333115088829 0.498846729537612 0.497177402171432 0.492062453801111 0.483207576404127 0.452889187019539 0.405583976265745 0.341011836133223
chr20 ZCCHC3 0.648671830760375 0.543760282174425 0.544983759749125 0.548655879641022 0.554777726078411 0.574292544130602 0.60404267251044 0.657169547604882
chr20 SOX12 0.181415600260571 0.321643660375498 0.316830135471291 0.302648106674945 0.279974376359099 0.21811329239327 0.158944820427488 0.118937043323071
chr20 NRSN2 1 0.951056831519246 0.951503611102818 0.953699268781987 0.960741951358546 1 1 0.805752539789947
chr20 TRIB3 0.868589818542595 0.678376129526616 0.684558581484828 0.701419428247692 0.724104614688121 0.779241656382805 0.862640777818716 0.7605371621874
chr20 FAM110A 0.849868579379315 1 1 1 1 1 1 0.762938163144334
chr20 ANGPT4 0.320753758286543 0.530402636849329 0.524604109281558 0.507664705636498 0.480870212326359 0.405978193210465 0.318292424680245 0.224177260514308
chr20 RSPO4 0.438649139572616 0.523101393007646 0.520511701077251 0.511990680400703 0.495167211119219 0.426990566618799 0.341766595564477 0.284578333687084
chr20 PSMF1 0.0304290409780286 0.0178500648769361 0.0183505352907961 0.0200621684003404 0.0236850810481983 0.0423230527794288 0.0901422421186236 0.246874884043217
chr20 RAD21L1 1 0.941930342634572 0.941769480934843 0.942239561316865 0.946259238818568 1 1 0.771080741353956
chr20 SDCBP2 1 1 1 1 1 1 1 0.907337130083314
chr20 SIRPB2 0.354812896344408 0.234919736758573 0.238611087032866 0.249990009975666 0.269795302104378 0.3372531723013 0.454468177437418 0.787911637535559
chr20 SIRPD 0.070262906927136 0.345953008662268 0.331702661787795 0.29220239302603 0.236504668227395 0.126807761973266 0.0674584844488501 0.0425301523840487
chr20 SIRPA 0.530840600479134 0.530083594896159 0.530106806279839 0.530176452494129 0.530292569745221 0.530664483226894 0.531246632156732 0.532412387865634
chr20 STK35 0.0348194634447139 0.133754967274256 0.128013162051654 0.112392685216538 0.091118961444988 0.0515262330952185 0.030609255983242 0.0217567518336165
chr20 LOC388780 0.180616963637704 0.135468889596598 0.136386540899279 0.139199679780303 0.144089651660897 0.161440466007056 0.193778417869941 0.277428053646943
chr20 TGM6 1 1 1 1 1 1 1 0.933490046362368
chr20 ZNF343 0.672935168703852 0.508019480266555 0.509935150577133 0.51558026918397 0.524581197501169 0.54882217524651 0.570467216212119 0.569768363701785
chr20 TMC2 0.530056376962948 0.631533305590724 0.630071046665558 0.625337474808693 0.616261104360749 0.577812078947428 0.503545216980044 0.398908650512984
chr20 NOP56 0.717264363568121 0.649380802807764 0.651023873344402 0.655270474528183 0.660074070802611 0.658797110731089 0.622825873038947 0.532643656971663
chr20 IDH3B 0.317086522910766 0.193359335290162 0.198574155751459 0.215101872425266 0.244491547031493 0.336753437467473 0.481424048660213 0.853872888649388
chr20 EBF4 0.701596799607928 0.569877737238722 0.572608096487326 0.580747850320649 0.59415492362154 0.636236584895361 0.70258117340652 0.806766605382466
chr20 CPXM1 1 1 1 1 1 1 1 1
chr20 C20orf141 0.225111273980453 0.344122538596552 0.34047465376257 0.32969563451431 0.3123119619324 0.26248076328762 0.205869072812306 0.154372419301978
chr20 FASTKD5 0.641187637284951 0.46443873601179 0.466159301666896 0.471008265278999 0.477923766080365 0.489893607593534 0.489757850475077 0.479048344965431
chr20 LZTS3 0.00113729393620032 0.00070603228072187 0.00068120810382512 0.000637594219348621 0.000642417074979545 0.000999865002914905 0.00185550407131993 0.00337604752806838
chr20 DDRGK1 0.613638435721792 0.450551344856746 0.454020178774955 0.464516080716532 0.482235940820541 0.539614185197311 0.628407664759381 0.785479955364586
chr20 SLC4A11 0.0259615685215929 0.10333779138599 0.0977668903143382 0.0830431530119716 0.0641201214756994 0.0333124172334202 0.0202283366906051 0.0157519428773837
chr20 GFRA4 0.751488763465276 0.759925693312381 0.760959657625956 0.763435744471355 0.765510618368746 0.756598145903117 0.707902570671842 0.586051480402854
chr20 ADAM33 0.589674820582778 0.855549590890936 0.846420711905454 0.821438294241161 0.785296531457046 0.694032499332591 0.588851545505333 0.452083323569428
chr20 SIGLEC1 0.66441388436454 0.503553690633101 0.506631981689184 0.515920288249177 0.531516762403073 0.581127100593194 0.65231320002904 0.745544477052579
chr20 HSPA12B 0.344842473577305 0.535028538736328 0.529352484237229 0.512587102141547 0.485535032250805 0.407170715416119 0.315242670049426 0.228803390805286
chr20 CENPB 0.816268462705825 0.624836262519418 0.630680040479478 0.6469899148237 0.670092771049643 0.728632237179132 0.851511678548482 0.910485535384257
chr20 MAVS 0.435663071792484 0.583081406113642 0.578548021993938 0.56518181571467 0.543691028715541 0.481499452252435 0.403547422488761 0.307580990532895
chr20 ADRA1D 0.308623193725662 0.259075168931855 0.256523114778964 0.249145151837289 0.23748967243863 0.206311257521218 0.186308048587148 0.187896121467419
chr20 PRNP 1 0.876559948896414 0.87657753068142 0.876454326261832 0.875669417491725 0.868609163627137 0.846656351179053 0.783675569813549
chr20 RASSF2 0.312228540341658 0.197946350800424 0.198477678757047 0.200083035291801 0.202620742818779 0.208464608694524 0.219095836752979 0.255419655296679
chr20 PROKR2 0.105989047345281 0.0982447460530376 0.0970667397140748 0.0937123626067324 0.0887005531004586 0.0770236663082468 0.0686863504884366 0.0684885026751614
chr20 C20orf196 0.0587233041725748 0.103455369334968 0.101393879905646 0.0954979087802731 0.0866338891660956 0.0657313132697791 0.0489648347932328 0.0384622797270939
chr20 CHGB 0.629519735519095 0.707430002430585 0.706352352607202 0.702347863763786 0.693282145648474 0.647959361030878 0.554771096700186 0.43459725882892
chr20 TRMT6 0.696513263264888 0.609884997771076 0.61073006806988 0.613261017729219 0.617463422477201 0.630740972246003 0.650748467351763 0.68637801228793
chr20 MCM8 0.121616436046765 0.0712871289987984 0.0717085971619889 0.0733112736259022 0.0770737153518445 0.0957343385635835 0.131010692014052 0.197017851259172
chr20 LRRN4 0.310727328765024 0.185596590321591 0.188096148354604 0.196186414444233 0.210776967946397 0.253230690740288 0.306546269750604 0.387841958586455
chr20 HAO1 0.521814560318456 0.39787004117549 0.399495585493963 0.404107745386205 0.410914127384789 0.426496118725027 0.44318199931813 0.480635323368192
chr20 TMX4 0.328081347390436 0.417997122616804 0.415469541574462 0.40796669249698 0.395734182384962 0.359045659783198 0.31023926986363 0.245437305158822
chr20 ANKEF1 0.827860559208254 0.736675479561647 0.740633815787274 0.751626366265758 0.767008958443619 0.79517148533153 0.783421390054193 0.655553553772409
chr20 MKKS 1 1 1 1 1 1 1 0.905642563597457
chr20 SLX4IP 0.828487060578605 0.956222125249531 0.956316326271027 0.957300074457955 0.96171782167821 1 1 0.674968360783445
chr20 ESF1 0.406780452749437 0.279124400978893 0.281440074982058 0.288556101680151 0.300951449113172 0.344371029581233 0.419293230337647 0.574413606760819
chr20 SEL1L2 0.259497239700934 0.170819342521352 0.174161978610378 0.184522754267679 0.202713253799269 0.265570751498214 0.380129486522813 0.774925061767362
chr20 KIF16B 0.854739271844984 0.722871185684162 0.727316321567783 0.739827175109992 0.75800964325281 0.799875273713115 0.818041784631994 0.682306102030288
chr20 BFSP1 0.192655847474946 0.27957027523594 0.277509591068756 0.271446031924467 0.261726920140905 0.233697855791024 0.198285013684772 0.151450746619193
chr20 RRBP1 0.120318526781876 0.0756887983123099 0.0774172576617786 0.0829687291830281 0.0935038213280956 0.138799737669691 0.245326803433762 0.619154045213945
chr20 SNX5 0.510320256815254 0.355903190656855 0.359993300564433 0.372426055192653 0.393551332819326 0.462707829261362 0.578329851265064 0.917923045376818
chr20 MGME1 0.639593530939383 0.559765391750903 0.560308451356855 0.561684011788304 0.563122009283678 0.560825073673555 0.541450896392678 0.49033496755701
chr20 OVOL2 0.302252874241901 0.187786354738273 0.192087581789189 0.205611101013623 0.229697553873643 0.310278328116714 0.443906929940553 0.809708135594894
chr20 KAT14 0.0353860390892777 0.0283381856111595 0.0290196820197927 0.0311847456701377 0.0352307093165856 0.0527803618427303 0.101454955533227 0.37705992862523
chr20 ZNF133 0.59242667545007 0.643649579854434 0.642490727872629 0.638324797174572 0.629168478047507 0.584495517516578 0.499418320366123 0.401019307949602
chr20 DZANK1 0.280865457313132 0.458224554329318 0.451642533510594 0.431881915294409 0.399054456103032 0.303928879969099 0.219100597062956 0.173140921751327
chr20 POLR3F 0.31850152350773 0.733110195483072 0.723181391979092 0.693442413941787 0.643900076866671 0.490269276069684 0.321016781599507 0.205671372037267
chr20 SEC23B 0.344128092319489 1 1 0.963136745138566 0.845440063760305 0.588218483716732 0.359867288557279 0.216442394522636
chr20 NAA20 0.329940131026036 0.217818333739017 0.219894991074383 0.226157657477561 0.236527610705861 0.267103130356861 0.311325782701461 0.406821761887304
chr20 CRNKL1 0.365395862505579 0.28856142850112 0.288799321849703 0.289517632431916 0.290728768061345 0.294690745709633 0.301000253135888 0.313515173475554
chr20 CFAP61 0.0475055912870586 0.03272889435335 0.0335521966525109 0.0362191447454703 0.0412587892172631 0.0607952211861264 0.0948376670238089 0.15658060272787
chr20 RALGAPA2 0.706299377750654 0.646956876630476 0.648425599514721 0.652147413244864 0.656062297923927 0.651084504254254 0.607648434027469 0.516269786586859
chr20 KIZ 1 0.848529335942103 0.849636290978332 0.852716245521032 0.857003033144241 0.86294266284645 0.849137896100184 0.775980999552124
chr20 NKX2-4 0.199505443630481 0.145104286491635 0.142790592387129 0.136542434139463 0.128325959332912 0.115906763073607 0.116708771821444 0.132682940840075
chr20 PAX1 0.0311763651840763 0.0297732861318546 0.028941998539765 0.0267102642398107 0.023779352094014 0.0192811968856879 0.0194761260135161 0.0249633583220759
chr20 SSTR4 0.782766312506866 0.597019319903342 0.600139076002356 0.608782395127411 0.620692932297664 0.641356522702394 0.64558221799035 0.599642274592139
chr20 CD93 0.574490164067035 0.728496836962455 0.727073590076888 0.721668765851106 0.708829387257908 0.638498606517774 0.507349666861297 0.389155816996352
chr20 CST11 0.314311862576417 0.225707206829356 0.227655564381626 0.23353926816887 0.243443119268197 0.275637140415964 0.329116640929171 0.460932434123016
chr20 CST9 0.617750728484181 0.898948293003636 0.894961001916186 0.883191005966876 0.863852270723428 0.796181513606351 0.65757675818367 0.454871492946057
chr20 CST5 0.374848406074277 0.255126321048599 0.258434268928489 0.268329117995817 0.284471044759021 0.331341219453823 0.403396816569933 0.5821057471517
chr20 CST7 0.631881568249951 0.485924759266148 0.488818154768212 0.497538692314703 0.512172913067505 0.559229367320451 0.631349390625332 0.751263386111064
chr20 APMAP 1 1 1 1 1 1 1 0.942307384020816
chr20 ACSS1 0.427762222303217 0.569479891096628 0.565601446065516 0.553942472574158 0.534471295977571 0.473093330012335 0.3899000191832 0.297165717227244
chr20 VSX1 0.609809325867535 0.639059304979072 0.638672506746574 0.636849178916134 0.631600654641608 0.598208834612965 0.523159352255028 0.426316630627575
chr20 ENTPD6 0.202492372841885 0.141190619572983 0.141143943142184 0.141038776120168 0.140977110296752 0.141680650339085 0.14527713391792 0.159757423499071
chr20 PYGB 0.520830321219811 0.360718665928229 0.362526454716547 0.367887557825026 0.37650609028369 0.399996621147735 0.425516292657113 0.459945375792105
chr20 ABHD12 0.378099905955281 0.383010545088349 0.38066776798092 0.373494925566154 0.360999240876584 0.318706906409946 0.269167877352362 0.23786287332718
chr20 NINL 1 0.925704930965589 0.937427712659596 0.976770355657106 1 1 1 0.85223547746578
chr20 ZNF337 0.630911468707897 0.420124956187948 0.423752421545027 0.434248710357489 0.449114144286739 0.468247767759641 0.470583583119585 0.474644211123331
chr20 ID1 1 1 1 1 1 1 1 0.795125866941052
chr20 COX4I2 0.53258281927616 1 1 0.963406290959771 0.912153920101132 0.77058159377119 0.572594491395107 0.371949399303668
chr20 DUSP15 0.592582310245915 0.66683271035055 0.665409331038558 0.660605103644768 0.650891435524347 0.607597854405411 0.524023291760692 0.414941594392353
chr20 TTLL9 0.0219255034953653 0.292445109818679 0.268287826651024 0.206326219330355 0.133138295932819 0.0427480707812514 0.0190948055386133 0.0121457871494656
chr20 CCM2L 0.333240341841738 0.243364025110584 0.244351939272893 0.2473624870605 0.252529047428659 0.27014286013203 0.299939178009872 0.361795698065983
chr20 ASXL1 0.439089832710473 0.294896160207477 0.295155856110515 0.295807853544894 0.296153582670151 0.290202791104807 0.281759999861215 0.292432490726047
chr20 EFCAB8 0.351751933531954 0.372082030553864 0.367641422949968 0.354266378152572 0.331139378594143 0.264985163980256 0.224109451107527 0.211942049929492
chr20 SUN5 0.464780185669779 0.549302774429548 0.546850241151713 0.539109347534353 0.524949705926438 0.471726641043519 0.391996169234767 0.314345049011441
chr20 BPIFB2 0.881887305405958 1 1 1 1 1 1 0.73584702801167
chr20 BPIFB6 0.482428894141839 0.635209243610292 0.631773874218117 0.621246548609521 0.602996222875444 0.54029308342997 0.446625966329698 0.340473972566552
chr20 BPIFB3 0.107713694871163 0.0722048033606645 0.0731325901998946 0.0760512691972163 0.0813766855378985 0.102399281286635 0.147174565847593 0.27626186482844
chr20 BPIFB4 0.223521075470826 0.697707321861644 0.679035762555658 0.624472828959203 0.539462213574341 0.331905364723655 0.193217064606792 0.131758093277721
chr20 CDK5RAP1 0.817247078370501 0.715268072141367 0.717744323750992 0.725179363974166 0.737579863067325 0.777068943461203 0.836454906120484 0.913359088110786
chr20 NECAB3 0.439198981514815 0.510087471051867 0.507431257012395 0.499370602697358 0.485670870532967 0.440858837850185 0.377171117990875 0.303272580100031
chr20 C20orf144 0.595833820644208 0.785772654154594 0.782675455280039 0.773276227053928 0.757167266896118 0.700323063360963 0.598890255220009 0.447908750412141
chr20 ACTL10 0.533560294649794 0.368009843148641 0.371933805284487 0.383950557106603 0.404706919969825 0.475565156192616 0.596532181697777 0.97928018646274
chr20 PXMP4 0.19569786476911 0.207577728875665 0.20612382956087 0.201839444468977 0.19496565976069 0.175433888724918 0.153229261759322 0.133991561516961
chr20 ZNF341 0.629882013841721 0.437104209606811 0.441717664529822 0.455661495209835 0.478957602237446 0.549847634800164 0.648230144797571 0.789001276874379
chr20 ASIP 0.6916923666443 0.831722673325764 0.829367699572919 0.822291171617189 0.810394504519656 0.770279682512913 0.699174052452497 0.563073825508867
chr20 NCOA6 0.471729583485266 0.312831730333259 0.315541360154549 0.323706130165933 0.337175572180068 0.375576798642743 0.422947509093696 0.497467131022627
chr20 ACSS2 0.437145688853378 0.313422464631381 0.314241907696302 0.316686606176822 0.320698580235849 0.332755494237565 0.349055331155366 0.377279464415887
chr20 MYH7B 0.827739191623247 0.856630719762592 0.865594458575161 0.884273837141989 0.896346602359366 0.920827906008602 0.844715768799949 0.600290873375505
chr20 PROCR 0.8690884765242 0.761283277966985 0.765065467080926 0.776370677502006 0.795177606329413 0.858581809091102 1 0.949878248267664
chr20 EIF6 0.371017209431022 0.335166844129145 0.334652029891392 0.332917767798189 0.329429888748599 0.314702676159071 0.290976479664228 0.270513294549425
chr20 FAM83C 0.0856499472593431 0.0497921998645565 0.0511973831435576 0.0560173766297017 0.066227458499253 0.115967126136519 0.219046238353476 0.440544426057402
chr20 CEP250 0.463914611867263 0.301795486055471 0.307023257046828 0.322878613087419 0.348966799544063 0.421197147509768 0.524654670558846 0.726334732422163
chr20 SPAG4 0.669506596431889 0.76519389572402 0.764148627028283 0.76033503635013 0.751926929924332 0.711470023557706 0.624771330964411 0.487565101764555
chr20 CPNE1 0.393977278671212 0.64474266251529 0.637742407733225 0.617132536030561 0.584074757367981 0.489859846015656 0.382407946901103 0.279583543952204
chr20 RBM12 0.639725569094558 0.549018222998492 0.550433921464462 0.553939375624233 0.557073290129543 0.54629728154507 0.505476268351041 0.452135501933721
chr20 CNBD2 0.641997119114272 1 1 1 1 0.939666341032781 0.675876847507509 0.447236356402707
chr20 AAR2 1 0.895668170760233 0.89777505450857 0.904164892778749 0.915094464817612 0.955037457678639 1 0.968401874364949
chr20 DSN1 0.0253773216830957 0.0223631459022319 0.0214873134242752 0.0192528583869208 0.0166759690186807 0.0144484102013478 0.0167608917390041 0.02291186607529
chr20 SOGA1 0.881110447842104 0.760851140716313 0.765325570212314 0.778635241018194 0.800566736532902 0.874073909593879 1 0.933588780272096
chr20 TLDC2 0.231745540667413 0.149326515005879 0.151568136655041 0.158577260447353 0.171139267754676 0.217011002722439 0.300307197733868 0.501743429314608
chr20 SAMHD1 0.245765601201647 0.15937803988671 0.161693558054476 0.168937055986011 0.181998860019328 0.231805920475119 0.331373919863592 0.610271589006217
chr20 MROH8 0.618051941421784 0.43744060903671 0.441993777784551 0.455094202250728 0.474614335576401 0.519780086362142 0.580665485964852 0.679833874292254
chr20 CTNNBL1 0.0728861549336707 0.141136290872275 0.138537903358914 0.13108154343802 0.119747490529714 0.091735289075814 0.06680679200853 0.0490049035276739
chr20 TTI1 0.881833958970655 0.839016411587702 0.843847579225014 0.857989808214805 0.880446396058115 0.948455329014208 1 0.75790110953413
chr20 TGM2 0.726186497347939 0.549880128850577 0.554031467887319 0.566091266874455 0.584780844942473 0.634900640010923 0.704323377094113 0.761120695435403
chr20 KIAA1755 0.225250158244361 0.569698461809726 0.558776995271072 0.528114996763448 0.482881927476332 0.372480959378703 0.263557320500754 0.159487729972628
chr20 BPI 1 1 1 1 1 1 1 0.978632308994173
chr20 LBP 0.831465548744179 0.992921430327512 0.993104799144959 0.994100937834464 0.998155184146296 1 1 0.636466099763865
chr20 ARHGAP40 0.762718392276693 0.886333995495407 0.886538967654645 0.885924996380142 0.881134429686072 0.844004532144049 0.759035475235285 0.604603047344435
chr20 DHX35 0.343585253334195 0.219963141985047 0.222739906747661 0.23123107759163 0.245536081856622 0.287583336781548 0.34655504131967 0.460391822668296
chr20 PLCG1 0.616830800156378 0.68539057819625 0.683457116887008 0.677655918843668 0.667990431186654 0.637221874382708 0.590483895436493 0.50825708606021
chr20 LPIN3 0.0242394179975906 0.0139771255176303 0.0145760776386402 0.0167291798404985 0.021794062344752 0.0546010375000175 0.149916391080902 0.440765620943297
chr20 EMILIN3 0.526548190918839 0.365842628409465 0.369672357888211 0.381378455024567 0.401519389024788 0.469578206108076 0.583920566126253 0.873907525077628
chr20 CHD6 0.15028071172995 0.0892035225545388 0.0922412207139849 0.102227912205834 0.121607000908027 0.198306200676188 0.345379084524506 0.917108180027062
chr20 L3MBTL1 1 0.824027814809417 0.828003770140735 0.839328861434211 0.857387463464766 0.939280376029576 1 0.921310158347447
chr20 SGK2 0.000127354590633399 0.000140816115886973 0.000137095177710903 0.000127427464129271 0.000115651784501369 0.000104202380756356 0.000136785136465339 0.000316778719483855
chr20 IFT52 0.496358985846302 0.882207080601814 0.876976686428438 0.861215330666955 0.834203982586604 0.730737096170951 0.53869939087481 0.346745546462149
chr20 GTSF1L 0.715335554349574 0.556242585944994 0.56013062192683 0.571415083922563 0.588989509376495 0.638809284012822 0.724413493885908 0.883752209309545
chr20 TOX2 0.877565311150295 0.909661863329922 0.911448883266181 0.916920673286161 0.927071602366528 0.9904078137052 1 0.737196493095541
chr20 JPH2 0.736667328668054 0.799408766799934 0.799594862265778 0.799811785937569 0.799099044250649 0.787778246947607 0.73512671648595 0.584284413161305
chr20 ADA 0.48303451869183 0.317968364198549 0.319705855330443 0.324841769064062 0.332902488548491 0.351976491251167 0.369769924013945 0.40291284494158
chr20 WISP2 0.887585421654831 0.712480641133271 0.718153754983964 0.733870363694146 0.756348257142457 0.824681852810887 1 0.891210377223711
chr20 KCNS1 0.609009854254154 0.758118288078829 0.756469838781897 0.751200220228476 0.74128632357053 0.698546652809126 0.602408111235008 0.45303636101961
chr20 SEMG1 0.181805612188714 0.115421342048666 0.114869900550165 0.113440213041373 0.111761162885548 0.111060763870143 0.118492394807534 0.143647286149645
chr20 SEMG2 0.121456847820354 0.125230718655713 0.123279519741943 0.117714278691602 0.109399621227708 0.0904044810972097 0.0775464334202139 0.0757680780469282
chr20 MATN4 0.633210617248618 0.475614439250212 0.478858290492389 0.488703249342824 0.505450009002087 0.561064629123389 0.650791415091453 0.828029683981056
chr20 RBPJL 0.500588382818155 0.364567532783727 0.367689463758499 0.377257155483486 0.393868757007974 0.452441288756472 0.560312053179156 0.912338432306017
chr20 TP53TG5 0.704192519572102 0.65780452044603 0.657567032739821 0.656835253456874 0.655552067319865 0.650932233568612 0.642280246955778 0.620890902061825
chr20 PIGT 0.217976362381857 0.296229267862101 0.29124100109073 0.276494802042431 0.252840263876659 0.19203168175252 0.148538730096529 0.132317625457438
chr20 EPPIN-WFDC6 0.618766743566393 0.487539556635672 0.490588144605365 0.499769356542226 0.515189963541902 0.565815182914602 0.652420354511048 0.880759871452525
chr20 WFDC8 0.00135373873221123 0.00604560389142413 0.00582908576807201 0.00523595496389691 0.00441186387940534 0.00274745900647734 0.00167644841753584 0.00117313602101364
chr20 WFDC10B 0.442449572913292 0.375425656698161 0.377077621551666 0.382091080120501 0.390641687926561 0.419712686392728 0.470866335532023 0.600154947150821
chr20 WFDC3 0.650978272734723 0.864451513834099 0.862062109647921 0.854888883960573 0.842764457438853 0.797082067201368 0.684088266259736 0.48683050124311
chr20 SNX21 0.558017859672612 0.409913714618902 0.410199252782532 0.410970561846463 0.411890785970779 0.410684779373011 0.398625423845436 0.376316312041534
chr20 ACOT8 0.45123308211516 0.608113228007035 0.603380158077117 0.589411421112174 0.566881469474662 0.500811260775902 0.416740472581302 0.319587727042144
chr20 ZSWIM3 0.854389089664551 0.886675636955671 0.889139959331318 0.896256761931334 0.907642905674417 0.949386947022383 1 0.710393338644316
chr20 ZSWIM1 0.768761310602891 0.694653783515684 0.696128168982381 0.700582249651476 0.708111859190404 0.733180047710876 0.776019284578485 0.889688726076204
chr20 NEURL2 1 0.924076016424835 0.923981468269335 0.923618111404648 0.92275144605157 0.917934929079963 0.905338490972331 0.869600665544214
chr20 CTSA 0.659806416119414 0.489871647253122 0.492725072224457 0.501161738964041 0.514709647293742 0.552569177090119 0.595606392936056 0.629377925634669
chr20 PLTP 0.314548681847038 0.70227477845234 0.691378596449093 0.659408924984089 0.608324913393837 0.463622451494216 0.312313310884072 0.203040221081109
chr20 ZNF335 0.0576665318374892 0.176823629012991 0.16677439989661 0.140872720602998 0.109284769659518 0.0626761487831788 0.0435017912577043 0.0355774133591016
chr20 MMP9 0.293094393482341 0.186628046036702 0.1882400378937 0.193247776575443 0.202038299918043 0.231427354418776 0.276452458570218 0.362475651705383
chr20 ZNF334 0.845751963399789 0.801931624388979 0.808153190366435 0.82485674791373 0.846344493309869 0.882035679744901 0.846432761009136 0.653193111054811
chr20 OCSTAMP 0.879831905759078 0.724129619573744 0.727414420561115 0.736679743732241 0.750453569032907 0.78878271658089 0.841613162943569 0.722518620770983
chr20 SLC13A3 0.0814823244270456 0.257859928592761 0.250966477566254 0.23139901797733 0.202317990263118 0.134993450404031 0.0834143794822531 0.0527251739651783
chr20 TP53RK 0.368289244000164 0.298408239519337 0.297352078450122 0.293893028603546 0.286997667147423 0.260103807062611 0.235162621319491 0.234625982046361
chr20 SLC2A10 0.0207627535737425 0.11969060659705 0.115180677943052 0.102773196472979 0.0854014043849234 0.0498736859912471 0.0266609473213666 0.0142424268959443
chr20 NCOA3 0.543974841788865 0.633236362226934 0.630705372271118 0.623027247627499 0.609981645353376 0.566944105680303 0.500982450483943 0.403217222310959
chr20 SULF2 0.74896353220487 0.944964777540869 0.942091585263646 0.934127258922272 0.922327024910615 0.887027785746291 0.808748127637927 0.621206555831531
chr20 PREX1 0.362665189432152 0.371778719297256 0.371467054750296 0.370533718375852 0.368983737590086 0.364071899593232 0.356550880722023 0.342146592323505
chr20 STAU1 1 1 1 1 1 1 1 0.953283137862223
chr20 DDX27 1 0.863131647464134 0.86614958585491 0.875004376080563 0.890262517031332 0.974363498027542 1 0.957380189041488
chr20 CEBPB 0.107493988259914 0.430548093059169 0.417599470528774 0.381376063856018 0.328780710606304 0.210695792979961 0.121614089041726 0.0689897369790306
chr20 RIPOR3 0.706344128064305 0.798828652814439 0.799057416570816 0.798418472680531 0.793540907695507 0.748928323327105 0.639168079696773 0.521211214871317
chr20 ADNP 0.408524801315288 0.52853599933315 0.525550103478406 0.516733911922984 0.502498542211774 0.4605344626655 0.404711067802557 0.322497868699883
chr20 ZFP64 0.0798501678806386 0.0587737315348173 0.0601288106889254 0.0644218815733104 0.0723900685773921 0.106039016152889 0.19338389072996 0.708748028186105
chr20 ZNF217 0.664459392150035 0.616870063681289 0.617570692341432 0.619252009879219 0.620675381247953 0.615127426679227 0.586378933024821 0.515270977225045
chr20 BCAS1 0.212223144485304 0.261687876404095 0.257307891424662 0.244470008162342 0.224212288501561 0.173728409885482 0.13901832532053 0.128280469209676
chr20 FAM209B 0.876911289617996 0.981089258891154 0.981300794821203 0.98279553307765 0.988832592280112 1 1 0.727324232698645
chr20 CTCFL 0.823278501958021 NA NA NA NA NA NA NA
chr20 ZBP1 0.74132457089786 0.553365950259439 0.556258877129472 0.564546860745306 0.576890935649686 0.603331985020217 0.614590806410439 0.58457222574242
chr20 C20orf85 0.275005626314841 0.184229073451004 0.185438443222201 0.189114666628474 0.195356653069919 0.215615033062317 0.248008656378069 0.321044281035492
chr20 ANKRD60 1 0.980529478438057 0.982889277912772 0.990263922447747 1 1 1 0.85597446383155
chr20 APCDD1L 0.741775133373272 0.6927733402146 0.694958016724341 0.700563271516915 0.706829940337328 0.705982725921269 0.65865413450563 0.545380058303431
chr20 NPEPL1 0.867458043064929 0.745209535737505 0.750071255996103 0.764645610213249 0.788889770896339 0.867915781307767 1 0.931039330050788
chr20 GNAS 0.502923276650175 0.591324264658446 0.588909952623541 0.580912724024367 0.5650781426754 0.498951868266142 0.40471590041793 0.328875862638691
chr20 CTSZ 0.592309136131574 0.604948824891387 0.604763423995099 0.603573371654144 0.599434458206354 0.570111594082959 0.504287025508627 0.420493680277588
chr20 ZNF831 0.888513146965658 0.901371981027875 0.905074802873464 0.915512594861258 0.932019913710486 1 1 0.733799181888244
chr20 EDN3 0.315077973605579 0.237644500525778 0.238074291372568 0.239381410729961 0.241616038110768 0.249170107574259 0.261845026009939 0.288561313259951
chr20 SYCP2 0.121133598250792 0.445726326314273 0.435005383184671 0.404993333556737 0.361122838965652 0.257755803840083 0.164310225161812 0.0871485819668844
chr20 PPP1R3D 0.649166031944185 0.55153399117094 0.551850524065165 0.552776367268005 0.554238933337432 0.558218606840685 0.562220107736228 0.562397076442689
chr20 CDH26 0.075963367681008 0.0930236022627719 0.0886984419357305 0.0774020748962281 0.0635343646248152 0.0454610268774079 0.0424382431874907 0.0466680885463497
chr20 TAF4 0.620572560172065 0.444639664451649 0.447754714578354 0.457151750822439 0.472878335073536 0.521719142927946 0.587326842571169 0.665967800951505
chr20 ADRM1 0.689684154065473 0.656325093171834 0.655937104205088 0.654747897411383 0.652683488300678 0.645426261042587 0.632359676429677 0.601986088949129
chr20 LAMA5 1 0.945428264091585 0.953270759965806 0.98129010101139 1 1 1 0.85924979333923
chr20 RBBP8NL 1 0.968294569323064 0.978886541466807 1 1 1 1 0.807136260533912
chr20 MIR1-1HG 1 0.891099981170953 0.893750317910788 0.90195597749822 0.917135545323515 1 1 0.912296222713401
chr20 OGFR 0.440840202583312 0.422806042028982 0.42165439140708 0.417573872448517 0.408482996337729 0.366547652555159 0.315310322365657 0.287783249148676
chr20 COL9A3 1 1 1 1 1 1 1 0.918894049198903
chr20 TCFL5 0.739106712136873 0.958720356107776 0.957658267829476 0.952994338171149 0.941667546045 0.888599040461069 0.76278149220636 0.555140661753228
chr20 DIDO1 1 1 1 1 1 1 1 0.769321714875639
chr20 SLC17A9 0.304446816896724 0.206218647912607 0.211688313804978 0.228450607724601 0.257221256815921 0.352410974647303 0.507755433707451 0.952829774144377
chr20 BIRC7 0.808927996100571 0.626454161878432 0.630105534304044 0.640547782243573 0.656155004913879 0.692550924564499 0.71823921621449 0.663944809563688
chr20 NKAIN4 1 1 1 1 1 1 1 0.835704317003447
chr20 ARFGAP1 0.398784463382271 0.429936602599672 0.428154058495034 0.422421140434621 0.411597093909871 0.370039312371 0.313537964238663 0.269920393715033
chr20 COL20A1 0.358396695155517 0.260314955654245 0.258832808256907 0.254689092150053 0.248287295948188 0.229082527311725 0.216300259412925 0.222644536732574
chr20 CHRNA4 0.567867770782855 0.730927888523961 0.729148756970659 0.722657405392717 0.708004201788975 0.632252663511548 0.497454099656734 0.380295698555466
chr20 PTK6 0.286467254192486 0.625128308886593 0.614183026777335 0.581014703792577 0.525092245364167 0.362970299000349 0.23453037229607 0.172907931180814
chr20 SRMS 0.769291724991368 0.577390097576653 0.582743704391534 0.598165483909468 0.621496182720364 0.681495306339648 0.771578641263782 0.819946211551017
chr20 FNDC11 1 0.771702851569463 0.774204097734077 0.781582357607663 0.793728258300184 0.837339078311852 0.953713377651813 0.82129453312078
chr20 HELZ2 0.606785220970226 0.429672483178203 0.43095021321313 0.434595723749333 0.439566072063163 0.441219386640288 0.421314551794607 0.398164191796145
chr20 RTEL1 0.298378077591627 0.227987108290829 0.229266026592991 0.233166902724274 0.239880988599662 0.263115162609567 0.304437405025393 0.402327242990577
chr20 TNFRSF6B 0.130930773070096 0.0934858261533152 0.0936701576663018 0.0942599892069397 0.095364629988447 0.0998838995615234 0.109662715119566 0.136747961144295
chr20 ZGPAT 0.473381409506795 0.304207405020139 0.306593747875985 0.313718763134991 0.324948883818619 0.350409301393245 0.375417072262281 0.420356608906425
chr20 LIME1 0.734427797046671 0.619835901501088 0.620792296300173 0.623495825047707 0.6274309797281 0.635001086449271 0.632008617385018 0.592009838871723
chr20 SLC2A4RG 0.0588952331977951 0.15370708468691 0.149809826628618 0.138814518756399 0.122645158556302 0.0856642868878765 0.056830445051925 0.0389784360510095
chr20 ABHD16B 0.374018677005328 0.495624003107464 0.492522965238166 0.483377558707248 0.468647610063503 0.425547502640509 0.369200802070924 0.289315034576713
chr20 UCKL1 0.452628798645175 0.285766105602723 0.28980820285319 0.302391075317259 0.324564460744327 0.398599323901035 0.507087943321823 0.69146934132369
chr20 LKAAEAR1 0.733989189836637 0.56031953523406 0.563186632110194 0.571108161901811 0.582027274512515 0.602412439352664 0.617526706206915 0.607503730109965
chr20 NPBWR2 0.300971683518979 0.450109402435771 0.44677401981231 0.436567530860729 0.418976787775315 0.3611697716471 0.286053428090454 0.215958017053975
