Region	Group	max_MAF	Pvalue	Pvalue_Burden	Pvalue_SKAT	BETA_Burden	SE_Burden	MAC	MAC_case	MAC_control	Number_rare	Number_ultra_rare
LIPI	missense;lof	0.01	0.116133599999999	0.116133599999999	0.116133599999999	0.0173016501812328	0.0110116642560585	104	33	71	1	0
LIPI	missense;lof;synonymous	0.01	0.116133599999999	0.116133599999999	0.116133599999999	0.0173016501812328	0.0110116642560585	104	33	71	1	0
LIPI	Cauchy	NA	0.116133599999999	0.116133599999999	0.116133599999999	NA	NA	NA	NA	NA	NA	NA
RBM11	lof	0.01	0.8899367	0.8899367	0.8899367	0.00261090336453444	0.0188670482060945	27	7	20	1	0
RBM11	missense;lof	0.01	0.77119654068164	0.603244999153373	0.592515280302562	0.00502195753588146	0.0096624470862367	102	28	74	4	0
RBM11	missense;lof;synonymous	0.01	0.740389364088835	0.816790940407308	0.542219516878708	0.00154182320432196	0.00665513069577155	233	60	173	6	0
RBM11	Cauchy	NA	0.823969054083882	0.81772159714844	0.760681340142429	NA	NA	NA	NA	NA	NA	NA
HSPA13	missense;lof;synonymous	0.01	0.10754924063277	0.58597857947063	0.0661077842833693	-0.00559229290120903	0.0102672521245854	88	20	68	3	0
HSPA13	Cauchy	NA	0.10754924063277	0.58597857947063	0.0661077842833693	NA	NA	NA	NA	NA	NA	NA
SAMSN1	missense;lof	0.01	0.211699590258544	0.961011733810659	0.150630390757072	-0.00027114000501347	0.00554659936898816	138	36	102	2	0
SAMSN1	missense;lof;synonymous	0.01	0.211699590258544	0.961011733810659	0.150630390757072	-0.00027114000501347	0.00554659936898816	138	36	102	2	0
SAMSN1	Cauchy	NA	0.211699590258544	0.961011733810659	0.150630390757072	NA	NA	NA	NA	NA	NA	NA
NRIP1	missense;lof	0.01	0.671029832162378	0.46833005638228	0.469167040370813	-0.003273753352345	0.00451428378865247	522	126	396	8	0
NRIP1	missense;lof;synonymous	0.01	0.529359621135555	0.345412829772371	0.542454004772905	-0.00389883970412774	0.0041322094298678	645	154	491	9	0
NRIP1	Cauchy	NA	0.605501030043419	0.403206540176561	0.505888219796687	NA	NA	NA	NA	NA	NA	NA
USP25	missense;lof	0.01	0.537770449720389	0.384808555451053	0.703168589412696	-0.00937170516014605	0.0107835956393973	81	17	64	3	0
USP25	missense;lof;synonymous	0.01	0.0557630645398459	0.0332240014310292	0.192599488012268	-0.0134553006924355	0.006318923790939	269	53	216	6	0
USP25	Cauchy	NA	0.110452691360823	0.0632987503075761	0.392259163474705	NA	NA	NA	NA	NA	NA	NA
CXADR	missense;lof	0.01	0.43163	0.43163	0.43163	0.00816267438068057	0.0103797278230809	120	34	86	1	0
CXADR	missense;lof;synonymous	0.01	0.43163	0.43163	0.43163	0.00816267438068057	0.0103797278230809	120	34	86	1	0
CXADR	Cauchy	NA	0.43163	0.43163	0.43163	NA	NA	NA	NA	NA	NA	NA
CHODL	missense;lof	0.01	0.0362159800000001	0.0362159800000001	0.0362159800000001	-0.0224340879818939	0.0107109812375099	106	17	89	1	0
CHODL	missense;lof;synonymous	0.01	0.0362159800000001	0.0362159800000001	0.0362159800000001	-0.0224340879818939	0.0107109812375099	106	17	89	1	0
CHODL	Cauchy	NA	0.0362159800000001	0.0362159800000001	0.0362159800000001	NA	NA	NA	NA	NA	NA	NA
TMPRSS15	missense;lof	0.01	0.383605662776955	0.261533465615501	0.685197019409299	0.00775477132910746	0.00690679595900491	232	67	165	3	0
TMPRSS15	missense;lof;synonymous	0.01	0.383605662776955	0.261533465615501	0.685197019409299	0.00775477132910746	0.00690679595900491	232	67	165	3	0
TMPRSS15	Cauchy	NA	0.383605662776955	0.261533465615501	0.685197019409299	NA	NA	NA	NA	NA	NA	NA
NCAM2	missense;lof	0.01	0.5561397	0.5561397	0.5561397	-0.00652725587987237	0.0110897421820832	96	22	74	1	0
NCAM2	missense;lof;synonymous	0.01	0.853771358549568	0.782635046240153	0.718829627250238	-0.00223701205691857	0.00810844306849224	163	40	123	3	0
NCAM2	Cauchy	NA	0.765123600756426	0.695209693979486	0.647496683371925	NA	NA	NA	NA	NA	NA	NA
MRPL39	missense;lof;synonymous	0.01	0.3416477	0.3416477	0.3416477	-0.0189660823589955	0.0199450941152535	23	4	19	1	0
MRPL39	Cauchy	NA	0.3416477	0.3416477	0.3416477	NA	NA	NA	NA	NA	NA	NA
CYYR1	lof	0.01	0.6061905	0.6061905	0.6061905	-0.010164055532689	0.0197161665549896	24	5	19	1	0
CYYR1	missense;lof	0.01	0.6061905	0.6061905	0.6061905	-0.010164055532689	0.0197161665549896	24	5	19	1	0
CYYR1	missense;lof;synonymous	0.01	0.6061905	0.6061905	0.6061905	-0.010164055532689	0.0197161665549896	24	5	19	1	0
CYYR1	Cauchy	NA	0.6061905	0.6061905	0.6061905	NA	NA	NA	NA	NA	NA	NA
ADAMTS1	missense;lof	0.01	0.0668422372277591	0.0382095079287735	0.345717235108727	0.0136496897655074	0.00658578058370536	236	74	162	5	0
ADAMTS1	missense;lof;synonymous	0.01	0.2426199490364	0.262583584106484	0.145785797961333	0.00593204492093052	0.0052950242005055	391	108	283	7	0
ADAMTS1	Cauchy	NA	0.106732714733329	0.0680336603237923	0.211396719464328	NA	NA	NA	NA	NA	NA	NA
ADAMTS5	missense;lof	0.01	0.429711027083897	0.31852977126011	0.572149720167551	0.00958806224098007	0.00961224933453531	116	34	82	2	0
ADAMTS5	missense;lof;synonymous	0.01	0.433178523835102	0.848079347458188	0.276733431397586	-0.00082779875461635	0.00432113812084953	761	191	570	10	0
ADAMTS5	Cauchy	NA	0.431442709557891	0.682632073339384	0.405174878503572	NA	NA	NA	NA	NA	NA	NA
N6AMT1	missense;lof;synonymous	0.01	0.8562517	0.8562517	0.8562517	-0.0037857394572713	0.0208986419915675	21	5	16	1	0
N6AMT1	Cauchy	NA	0.8562517	0.8562517	0.8562517	NA	NA	NA	NA	NA	NA	NA
LTN1	missense;lof	0.01	0.629250244425066	0.469819517073665	0.748813484776192	-0.0062605358176999	0.00866183166929704	140	32	108	3	0
LTN1	missense;lof;synonymous	0.01	0.723359664997193	0.881363713443463	0.551550836817065	0.000994981039786982	0.00666695550078803	254	66	188	4	0
LTN1	Cauchy	NA	0.680670071399062	0.782877293430347	0.66681639146425	NA	NA	NA	NA	NA	NA	NA
RWDD2B	missense;lof	0.01	0.635486933056023	0.501299194608461	0.663725223044774	-0.00943752940983025	0.0140346078543665	47	10	37	2	0
RWDD2B	missense;lof;synonymous	0.01	0.635486933056023	0.501299194608461	0.663725223044774	-0.00943752940983025	0.0140346078543665	47	10	37	2	0
RWDD2B	Cauchy	NA	0.635486933056023	0.501299194608461	0.663725223044774	NA	NA	NA	NA	NA	NA	NA
USP16	missense;lof	0.01	0.434483048495905	0.320970251458898	0.40673656880488	0.00998455419978581	0.0100603487498871	105	31	74	2	0
USP16	missense;lof;synonymous	0.01	0.462744628994649	0.465636036569008	0.311272069875058	0.00532507143165406	0.00729863914595884	190	53	137	4	0
USP16	Cauchy	NA	0.448511545843988	0.387375088653997	0.355557347972104	NA	NA	NA	NA	NA	NA	NA
CCT8	missense;lof	0.01	0.495862280072265	0.373963677444305	0.42203384412945	-0.00764450880282304	0.00859828840380996	163	36	127	2	0
CCT8	missense;lof;synonymous	0.01	0.495862280072265	0.373963677444305	0.42203384412945	-0.00764450880282304	0.00859828840380996	163	36	127	2	0
CCT8	Cauchy	NA	0.495862280072265	0.373963677444305	0.42203384412945	NA	NA	NA	NA	NA	NA	NA
MAP3K7CL	missense;lof	0.01	0.492004461548163	0.372045532795183	0.647039485092458	0.00773640683462525	0.00866680263615367	144	42	102	2	0
MAP3K7CL	missense;lof;synonymous	0.01	0.492004461548163	0.372045532795183	0.647039485092458	0.00773640683462525	0.00866680263615367	144	42	102	2	0
MAP3K7CL	Cauchy	NA	0.492004461548163	0.372045532795183	0.647039485092458	NA	NA	NA	NA	NA	NA	NA
BACH1	missense;lof	0.01	0.301613338889352	0.215698817554045	0.456700965440956	-0.0147127371700444	0.0118838323990302	68	13	55	2	0
BACH1	missense;lof;synonymous	0.01	0.345873887595325	0.232829492965555	0.672526878461873	-0.0105285169245663	0.00882449143560442	127	27	100	3	0
BACH1	Cauchy	NA	0.322789318320837	0.223992896828012	0.572759094677824	NA	NA	NA	NA	NA	NA	NA
GRIK1	missense;lof	0.01	0.155242699999999	0.155242699999999	0.155242699999999	-0.0281937361700784	0.0198372144536177	24	3	21	1	0
GRIK1	missense;lof;synonymous	0.01	0.186737580322298	0.129705993708719	0.305281940259636	-0.0184835849533437	0.0121982742245448	60	10	50	2	0
GRIK1	Cauchy	NA	0.169679998408705	0.141406379963421	0.209504820543819	NA	NA	NA	NA	NA	NA	NA
CLDN8	missense;lof;synonymous	0.01	0.681054036665777	0.681054036665777	0.681054036665777	0.00152964705698755	0.00372154056702929	21	10	11	1	0
CLDN8	Cauchy	NA	0.681054036665777	0.681054036665777	0.681054036665777	NA	NA	NA	NA	NA	NA	NA
KRTAP24-1	lof	0.01	0.5501598	0.5501598	0.5501598	-0.0084548090893414	0.0141498182103655	47	10	37	1	0
KRTAP24-1	missense;lof	0.01	0.106172240491149	0.0639739360538532	0.431210756527799	-0.0158592163943992	0.0085616208073538	128	23	105	4	0
KRTAP24-1	missense;lof;synonymous	0.01	0.106172240491149	0.0639739360538532	0.431210756527799	-0.0158592163943992	0.0085616208073538	128	23	105	4	0
KRTAP24-1	Cauchy	NA	0.156236659649388	0.0958668441514738	0.470358686644579	NA	NA	NA	NA	NA	NA	NA
KRTAP23-1	missense;lof	0.01	0.3227813	0.3227813	0.3227813	0.0101423996160951	0.010257711402626	126	37	89	1	0
KRTAP23-1	missense;lof;synonymous	0.01	0.3227813	0.3227813	0.3227813	0.0101423996160951	0.010257711402626	126	37	89	1	0
KRTAP23-1	Cauchy	NA	0.3227813	0.3227813	0.3227813	NA	NA	NA	NA	NA	NA	NA
KRTAP13-1	lof	0.01	0.7457879	0.7457879	0.7457879	0.00378909242628476	0.011687576050583	85	23	62	1	0
KRTAP13-1	missense;lof	0.01	0.7457879	0.7457879	0.7457879	0.00378909242628476	0.011687576050583	85	23	62	1	0
KRTAP13-1	missense;lof;synonymous	0.01	0.7457879	0.7457879	0.7457879	0.00378909242628476	0.011687576050583	85	23	62	1	0
KRTAP13-1	Cauchy	NA	0.7457879	0.7457879	0.7457879	NA	NA	NA	NA	NA	NA	NA
KRTAP13-4	missense;lof	0.01	0.868946771533217	0.812783397173735	0.755343398226366	0.00180147941699567	0.00760641663920841	217	57	160	2	0
KRTAP13-4	missense;lof;synonymous	0.01	0.868946771533217	0.812783397173735	0.755343398226366	0.00180147941699567	0.00760641663920841	217	57	160	2	0
KRTAP13-4	Cauchy	NA	0.868946771533217	0.812783397173735	0.755343398226366	NA	NA	NA	NA	NA	NA	NA
KRTAP15-1	missense;lof	0.01	1	0.864259042391237	1	0.001885044350216	0.0110265441167982	83	22	61	2	0
KRTAP15-1	missense;lof;synonymous	0.01	1	0.864259042391237	1	0.001885044350216	0.0110265441167982	83	22	61	2	0
KRTAP15-1	Cauchy	NA	1	0.864259042391237	1	NA	NA	NA	NA	NA	NA	NA
KRTAP19-5	missense;lof	0.01	0.1727835	0.1727835	0.1727835	-0.0171949894080526	0.0126126384233447	67	12	55	1	0
KRTAP19-5	missense;lof;synonymous	0.01	0.1727835	0.1727835	0.1727835	-0.0171949894080526	0.0126126384233447	134	24	110	2	0
KRTAP19-5	Cauchy	NA	0.1727835	0.1727835	0.1727835	NA	NA	NA	NA	NA	NA	NA
KRTAP19-7	missense;lof	0.01	0.07776767	0.07776767	0.07776767	-0.03110134678818	0.0176332676537072	29	3	26	1	0
KRTAP19-7	missense;lof;synonymous	0.01	0.179467323724758	0.12393193967546	0.161014753019341	-0.0204948934730694	0.0133215437473748	51	8	43	2	0
KRTAP19-7	Cauchy	NA	0.109315604614028	0.095727306077057	0.105416756420507	NA	NA	NA	NA	NA	NA	NA
KRTAP6-3	missense;lof	0.01	0.1161069	0.1161069	0.1161069	-0.0289116810834433	0.0183995412309819	26	4	22	1	0
KRTAP6-3	missense;lof;synonymous	0.01	0.1161069	0.1161069	0.1161069	-0.0289116810834433	0.0183995412309819	26	4	22	1	0
KRTAP6-3	Cauchy	NA	0.1161069	0.1161069	0.1161069	NA	NA	NA	NA	NA	NA	NA
KRTAP20-1	missense;lof;synonymous	0.01	0.995919700000052	0.995919700000052	0.995919700000052	-5.86733051544792e-05	0.0114732544825487	91	23	68	1	0
KRTAP20-1	Cauchy	NA	0.995919700000052	0.995919700000052	0.995919700000052	NA	NA	NA	NA	NA	NA	NA
KRTAP21-3	missense;lof	0.01	0.1108352	0.1108352	0.1108352	-0.0174419137490571	0.0109391387520933	99	18	81	1	0
KRTAP21-3	missense;lof;synonymous	0.01	0.1108352	0.1108352	0.1108352	-0.0174419137490571	0.0109391387520933	99	18	81	1	0
KRTAP21-3	Cauchy	NA	0.1108352	0.1108352	0.1108352	NA	NA	NA	NA	NA	NA	NA
KRTAP21-2	lof	0.01	0.6577325	0.6577325	0.6577325	-0.00822364761364948	0.0185616133990206	27	6	21	1	0
KRTAP21-2	missense;lof	0.01	0.6577325	0.6577325	0.6577325	-0.00822364761364948	0.0185616133990206	27	6	21	1	0
KRTAP21-2	missense;lof;synonymous	0.01	0.6577325	0.6577325	0.6577325	-0.00822364761364948	0.0185616133990206	27	6	21	1	0
KRTAP21-2	Cauchy	NA	0.6577325	0.6577325	0.6577325	NA	NA	NA	NA	NA	NA	NA
KRTAP19-8	missense;lof;synonymous	0.01	0.0410992000000001	0.0410992000000001	0.0410992000000001	-0.0397411902298381	0.0194568658035122	25	2	23	1	0
KRTAP19-8	Cauchy	NA	0.0410992000000001	0.0410992000000001	0.0410992000000001	NA	NA	NA	NA	NA	NA	NA
TIAM1	missense;lof	0.01	1	0.91640670355913	1	0.000865470135519631	0.00824563026937237	183	47	136	3	0
TIAM1	missense;lof;synonymous	0.01	1	0.853057351315682	0.930504526330283	-0.00140097732740059	0.00756390078655045	204	51	153	4	0
TIAM1	Cauchy	NA	1	0.893105435214828	1	NA	NA	NA	NA	NA	NA	NA
SCAF4	missense;lof;synonymous	0.01	0.194297640658406	0.141886271233593	0.14644464808104	0.0106758614280937	0.00726841007891421	284	83	201	3	0
SCAF4	Cauchy	NA	0.194297640658406	0.141886271233593	0.14644464808104	NA	NA	NA	NA	NA	NA	NA
HUNK	missense;lof	0.01	0.0604803212218783	0.0401313033487362	0.0959377122886782	-0.0198510309925965	0.0096721305185798	112	19	93	2	0
HUNK	missense;lof;synonymous	0.01	0.130791279574436	0.0855378832638223	0.121779218901955	-0.0150676693696842	0.00876322681612708	133	25	108	3	0
HUNK	Cauchy	NA	0.083007959484086	0.0547125324013944	0.107383511174969	NA	NA	NA	NA	NA	NA	NA
MRAP	missense;lof	0.01	0.8259776	0.8259776	0.8259776	0.00295855434225636	0.0134563340445639	57	15	42	1	0
MRAP	missense;lof;synonymous	0.01	0.8259776	0.8259776	0.8259776	0.00295855434225636	0.0134563340445639	57	15	42	1	0
MRAP	Cauchy	NA	0.8259776	0.8259776	0.8259776	NA	NA	NA	NA	NA	NA	NA
URB1	missense;lof	0.01	0.114348971875027	0.0694825872536707	0.309892993325439	-0.00806890773760519	0.00444502050782346	704	158	546	11	0
URB1	missense;lof;synonymous	0.01	0.163208166851599	0.0964355209796761	0.363983617616524	-0.00649736155078467	0.00390845677800826	846	194	652	15	0
URB1	Cauchy	NA	0.134738512684284	0.0808171059602738	0.335639842063038	NA	NA	NA	NA	NA	NA	NA
EVA1C	missense;lof	0.01	0.699522682683073	0.543282541139424	0.780491304775612	0.00434123585136006	0.007141874195932	226	61	165	3	0
EVA1C	missense;lof;synonymous	0.01	0.828712506593841	0.942172921406435	0.663232117151558	-0.000442039760868531	0.00609381699683597	317	80	237	4	0
EVA1C	Cauchy	NA	0.778835631932529	0.890462515031372	0.731108202559838	NA	NA	NA	NA	NA	NA	NA
C21orf59-TCP10L	missense;lof	0.01	0.433147	0.433147	0.433147	0.00906903150693229	0.0115703304513689	83	24	59	1	0
C21orf59-TCP10L	missense;lof;synonymous	0.01	0.668293897671934	0.53762553932688	0.562028075667472	0.00622949133583482	0.0101061235238105	104	29	75	2	0
C21orf59-TCP10L	Cauchy	NA	0.558385659105148	0.484985211346577	0.497485897084896	NA	NA	NA	NA	NA	NA	NA
C21orf59	missense;lof	0.01	0.433147	0.433147	0.433147	0.00906903150693229	0.0115703304513689	83	24	59	1	0
C21orf59	missense;lof;synonymous	0.01	0.668293897671934	0.53762553932688	0.562028075667472	0.00622949133583482	0.0101061235238105	104	29	75	2	0
C21orf59	Cauchy	NA	0.558385659105148	0.484985211346577	0.497485897084896	NA	NA	NA	NA	NA	NA	NA
SYNJ1	missense;lof	0.01	0.056860347517693	0.0384409183197085	0.05742435699552	0.0166735533524602	0.00805438187066083	174	56	118	4	0
SYNJ1	missense;lof;synonymous	0.01	0.233757896468452	0.144334810272851	0.35133971275066	0.00791563432249904	0.00542227180518036	456	130	326	9	0
SYNJ1	Cauchy	NA	0.0930450614826315	0.0610926242076182	0.102622314396884	NA	NA	NA	NA	NA	NA	NA
PAXBP1	missense;lof	0.01	0.0595229499999999	0.0595229499999999	0.0595229499999999	-0.0268542361839381	0.0142514899649593	51	7	44	1	0
PAXBP1	missense;lof;synonymous	0.01	0.062446946284051	0.0620965438926682	0.0628472470264307	-0.025938588186561	0.0139035742786301	106	15	91	2	0
PAXBP1	Cauchy	NA	0.0609503289230728	0.0607828487740212	0.0611405014244835	NA	NA	NA	NA	NA	NA	NA
C21orf62	missense;lof	0.01	0.3920551	0.3920551	0.3920551	0.0137149416818807	0.0160240679541232	38	12	26	1	0
C21orf62	missense;lof;synonymous	0.01	0.3920551	0.3920551	0.3920551	0.0137149416818807	0.0160240679541232	38	12	26	1	0
C21orf62	Cauchy	NA	0.3920551	0.3920551	0.3920551	NA	NA	NA	NA	NA	NA	NA
OLIG1	missense;lof	0.01	0.6358482	0.6358482	0.6358482	0.00937946319736323	0.0198083055326896	24	7	17	1	0
OLIG1	missense;lof;synonymous	0.01	0.453592838548342	0.33810113533836	0.51825201028737	0.00971855773098153	0.0101454382365824	105	31	74	2	0
OLIG1	Cauchy	NA	0.548621290192072	0.483650150095126	0.579793873363424	NA	NA	NA	NA	NA	NA	NA
IFNAR1	missense;lof;synonymous	0.01	0.6394762	0.6394762	0.6394762	0.00713723489459774	0.0152364607719498	38	11	27	1	0
IFNAR1	Cauchy	NA	0.6394762	0.6394762	0.6394762	NA	NA	NA	NA	NA	NA	NA
IFNGR2	missense;lof	0.01	0.312188580494414	0.223339819011423	0.45390667694552	0.0127466017132627	0.0104678097084598	91	28	63	2	0
IFNGR2	missense;lof;synonymous	0.01	0.226548907458881	0.20725887283944	0.142317062415757	0.00854198008980031	0.00677322800650389	244	69	175	4	0
IFNGR2	Cauchy	NA	0.264208383659783	0.215046214239856	0.232610580073747	NA	NA	NA	NA	NA	NA	NA
TMEM50B	missense;lof	0.01	0.4485734	0.4485734	0.4485734	0.0138301419207706	0.0182504929241183	28	9	19	1	0
TMEM50B	missense;lof;synonymous	0.01	0.4485734	0.4485734	0.4485734	0.0138301419207706	0.0182504929241183	28	9	19	1	0
TMEM50B	Cauchy	NA	0.4485734	0.4485734	0.4485734	NA	NA	NA	NA	NA	NA	NA
GART	missense;lof	0.01	0.4913718	0.4913718	0.4913718	-0.0104771989640974	0.0152256408542787	43	9	34	1	0
GART	missense;lof;synonymous	0.01	0.483133988019385	0.362775068861206	0.638366921241276	-0.0108905163354131	0.0119664173999641	68	14	54	2	0
GART	Cauchy	NA	0.487250758233067	0.423960340189673	0.56850489864413	NA	NA	NA	NA	NA	NA	NA
SON	lof	0.01	0.5103215	0.5103215	0.5103215	0.00997170885539998	0.015146811306608	43	13	30	1	0
SON	missense;lof	0.01	0.327007659874138	0.972698274282439	0.219510627439269	0.000184765595718529	0.0053986639349129	93	24	69	3	0
SON	missense;lof;synonymous	0.01	0.63594526618372	0.560684111218064	0.442617812638992	0.0029024512997697	0.00498852396448236	519	139	380	9	0
SON	Cauchy	NA	0.487632058076903	0.921110490112588	0.364309347440795	NA	NA	NA	NA	NA	NA	NA
DONSON	missense;lof	0.01	0.799471491007645	0.886445423976394	0.642123487841143	0.00147629755249385	0.0103379694627636	92	24	68	3	0
DONSON	missense;lof;synonymous	0.01	0.66854940008156	0.474304666082294	0.76646739880494	0.00510250945496944	0.00713146289300605	185	51	134	6	0
DONSON	Cauchy	NA	0.746528992537701	0.791422140535975	0.71360423029691	NA	NA	NA	NA	NA	NA	NA
CRYZL1	missense;lof	0.01	0.813149783331256	0.68660155157915	0.886966231462714	0.00448671817615774	0.0111202910661303	72	20	52	2	0
CRYZL1	missense;lof;synonymous	0.01	0.383732710827043	0.262105121349813	0.55941187552403	0.0108930338440866	0.00971352606133723	95	29	66	3	0
CRYZL1	Cauchy	NA	0.662592148253531	0.458445172718552	0.807075817080622	NA	NA	NA	NA	NA	NA	NA
ITSN1	missense;lof	0.01	0.3620908	0.3620908	0.3620908	0.0120330490720658	0.0132029878688248	58	18	40	1	0
ITSN1	missense;lof;synonymous	0.01	0.454087904959112	0.942183944950616	0.340508068089057	-0.00069464647845757	0.00957800045734945	99	25	74	2	0
ITSN1	Cauchy	NA	0.406087029716802	0.87849170426045	0.351114760189978	NA	NA	NA	NA	NA	NA	NA
ATP5O	missense;lof	0.01	0.7217929	0.7217929	0.7217929	-0.00522203166991943	0.0146660061917675	47	11	36	1	0
ATP5O	missense;lof;synonymous	0.01	0.339698573042497	0.229872299648153	0.627625800092661	-0.0123600835667948	0.0102941687304969	95	19	76	3	0
ATP5O	Cauchy	NA	0.54518300210842	0.452857289673349	0.679031080450515	NA	NA	NA	NA	NA	NA	NA
MRPS6	missense;lof	0.01	0.6958838	0.6958838	0.6958838	-0.00405545753256851	0.0103751215854836	123	30	93	1	0
MRPS6	missense;lof;synonymous	0.01	0.6958838	0.6958838	0.6958838	-0.00405545753256851	0.0103751215854836	246	60	186	2	0
MRPS6	Cauchy	NA	0.6958838	0.6958838	0.6958838	NA	NA	NA	NA	NA	NA	NA
SLC5A3	missense;lof	0.01	0.0672834300000001	0.0672834300000001	0.0672834300000001	-0.0335031621965556	0.0183099793916418	28	3	25	1	0
SLC5A3	missense;lof;synonymous	0.01	0.00557443784293166	0.020354388958109	0.0036504777926486	-0.0174941084395688	0.00754137564882115	189	34	155	4	0
SLC5A3	Cauchy	NA	0.0103050160989009	0.0312944975523155	0.00692974721941297	NA	NA	NA	NA	NA	NA	NA
RCAN1	lof	0.01	0.6968868	0.6968868	0.6968868	-0.00681646415151589	0.0174993646099988	31	7	24	1	0
RCAN1	missense;lof	0.01	0.642008367695796	0.508015589461547	0.797654947436179	-0.00795602421104061	0.0120194203778203	64	14	50	2	0
RCAN1	missense;lof;synonymous	0.01	0.828582713149659	0.908601163292046	0.674317337685243	0.00104109916593657	0.00906856033577701	118	31	87	3	0
RCAN1	Cauchy	NA	0.742610701552602	0.799785344433839	0.731898870203456	NA	NA	NA	NA	NA	NA	NA
CLIC6	missense;lof	0.01	0.2368565	0.2368565	0.2368565	-0.0247469519450001	0.0209209225873545	21	3	18	1	0
CLIC6	missense;lof;synonymous	0.01	0.117932280538317	0.0827851414210522	0.19615622070518	-0.0194472697239759	0.0112104179883901	80	14	66	2	0
CLIC6	Cauchy	NA	0.159167292928452	0.124635306856078	0.214893697764249	NA	NA	NA	NA	NA	NA	NA
SETD4	missense;lof	0.01	1	0.878240937289329	1	0.00153519922801125	0.0100209141777809	114	30	84	2	0
SETD4	missense;lof;synonymous	0.01	0.710447335107875	0.549890234180041	0.90496900570884	0.00523804670466073	0.00876037976404718	141	39	102	3	0
SETD4	Cauchy	NA	1	0.793833867839197	1	NA	NA	NA	NA	NA	NA	NA
CBR1	lof	0.01	0.3136077	0.3136077	0.3136077	0.0118986496919193	0.0118079545344015	82	25	57	1	0
CBR1	missense;lof	0.01	0.829257527476933	0.664534790184808	0.802245653257212	0.00287413468677543	0.00662761036234682	247	66	181	4	0
CBR1	missense;lof;synonymous	0.01	0.640088917858561	0.452635332432341	0.792105471604876	0.00463785905432914	0.00617534127358045	277	76	201	5	0
CBR1	Cauchy	NA	0.646707288076924	0.474103289824766	0.690145104505102	NA	NA	NA	NA	NA	NA	NA
CBR3	missense;lof	0.01	0.0701805313494798	0.0454102632621969	0.250081653014881	-0.0156891009967582	0.00784128000167601	185	36	149	3	0
CBR3	missense;lof;synonymous	0.01	0.0701805313494798	0.0454102632621969	0.250081653014881	-0.0156891009967582	0.00784128000167601	185	36	149	3	0
CBR3	Cauchy	NA	0.0701805313494798	0.0454102632621969	0.250081653014881	NA	NA	NA	NA	NA	NA	NA
DOPEY2	missense;lof	0.01	0.610653366696888	0.410827412701227	0.57154406669216	-0.00378020214101446	0.00459633449138472	480	115	365	10	0
DOPEY2	missense;lof;synonymous	0.01	0.71261717219726	0.501228853271165	0.6041370452584	-0.00300427711023816	0.00446694468593602	503	122	381	11	0
DOPEY2	Cauchy	NA	0.666257591675831	0.455123640395629	0.588077238802157	NA	NA	NA	NA	NA	NA	NA
MORC3	missense;lof;synonymous	0.01	0.774143107544226	0.641968686328524	0.894560193213948	0.00361163414695703	0.0077678236024875	195	52	143	2	0
MORC3	Cauchy	NA	0.774143107544226	0.641968686328524	0.894560193213948	NA	NA	NA	NA	NA	NA	NA
CHAF1B	missense;lof	0.01	0.7429935	0.7429935	0.7429935	0.00656567165046296	0.020023899164916	21	6	15	1	0
CHAF1B	missense;lof;synonymous	0.01	0.0875575273018488	0.0558612437953204	0.104912311585198	-0.0162497892469449	0.00849832562021371	144	27	117	3	0
CHAF1B	Cauchy	NA	0.209523902146125	0.128486540364764	0.25269068595443	NA	NA	NA	NA	NA	NA	NA
CLDN14	missense;lof	0.01	0.383148	0.383148	0.383148	-0.0167218767680239	0.0191740304747501	24	4	20	1	0
CLDN14	missense;lof;synonymous	0.01	0.383148	0.383148	0.383148	-0.0167218767680239	0.0191740304747501	24	4	20	1	0
CLDN14	Cauchy	NA	0.383148	0.383148	0.383148	NA	NA	NA	NA	NA	NA	NA
SIM2	missense;lof	0.01	0.358746756669088	0.963355372317044	0.233138563759909	0.000255632786591027	0.00556408222403351	233	61	172	4	0
SIM2	missense;lof;synonymous	0.01	0.675977858961534	0.560195362852222	0.477029293381458	-0.00286802346687638	0.00492321141978718	450	111	339	7	0
SIM2	Cauchy	NA	0.522507064679796	0.929171781434407	0.329826309267289	NA	NA	NA	NA	NA	NA	NA
HLCS	missense;lof	0.01	0.8704204	0.8704204	0.8704204	-0.00264826741945257	0.0162346380483147	37	9	28	1	0
HLCS	missense;lof;synonymous	0.01	0.185581150916318	0.458413100060552	0.114227101802283	0.00589082893728612	0.00794487846523519	158	44	114	4	0
HLCS	Cauchy	NA	0.6215232817079	0.764269633060613	0.445360878410114	NA	NA	NA	NA	NA	NA	NA
RIPPLY3	lof	0.01	0.3126539	0.3126539	0.3126539	-0.0182618585283326	0.018086975584907	29	5	24	1	0
RIPPLY3	missense;lof	0.01	0.447944000169013	0.656990186136164	0.312164706860961	0.0035747565461024	0.00804993947738515	162	44	118	3	0
RIPPLY3	missense;lof;synonymous	0.01	0.345567631347248	0.272349834802669	0.224345514210384	0.00785421673490365	0.00715537158623246	201	58	143	4	0
RIPPLY3	Cauchy	NA	0.364548002921125	0.397721333342372	0.278050680427576	NA	NA	NA	NA	NA	NA	NA
PIGP	missense;lof;synonymous	0.01	0.6668362	0.6668362	0.6668362	0.00581964219337356	0.0135185154050115	58	16	42	1	0
PIGP	Cauchy	NA	0.6668362	0.6668362	0.6668362	NA	NA	NA	NA	NA	NA	NA
TTC3	missense;lof	0.01	0.213585299085377	0.309799820125626	0.13437503678661	-0.00698222911888294	0.00687469404790892	234	53	181	4	0
TTC3	missense;lof;synonymous	0.01	0.0975242977143606	0.0635769561849379	0.100214204370234	-0.0112715974510578	0.00607589079896569	286	60	226	6	0
TTC3	Cauchy	NA	0.135235981370443	0.108820917167313	0.114916465101166	NA	NA	NA	NA	NA	NA	NA
DSCR3	missense;lof;synonymous	0.01	0.4228899	0.4228899	0.4228899	0.00999104711808844	0.0124667170804821	71	21	50	1	0
DSCR3	Cauchy	NA	0.4228899	0.4228899	0.4228899	NA	NA	NA	NA	NA	NA	NA
DYRK1A	missense;lof;synonymous	0.01	0.7645817	0.7645817	0.7645817	0.00304277038111546	0.0101605289114713	135	36	99	1	0
DYRK1A	Cauchy	NA	0.7645817	0.7645817	0.7645817	NA	NA	NA	NA	NA	NA	NA
KCNJ6	missense;lof;synonymous	0.01	1	0.795171393627929	0.940164189281994	0.0032106790653953	0.012367734792529	63	17	46	2	0
KCNJ6	Cauchy	NA	1	0.795171393627929	0.940164189281994	NA	NA	NA	NA	NA	NA	NA
KCNJ15	missense;lof	0.01	0.4107142	0.4107142	0.4107142	-0.014367999401954	0.0174657737086084	31	6	25	1	0
KCNJ15	missense;lof;synonymous	0.01	0.477439218341849	0.333145743019169	0.785826541708678	-0.00766127252195276	0.00791619752403303	170	38	132	3	0
KCNJ15	Cauchy	NA	0.443451394050975	0.369898890793342	0.643324925775841	NA	NA	NA	NA	NA	NA	NA
ERG	missense;lof	0.01	0.3680257	0.3680257	0.3680257	-0.0166836805708476	0.0185337637945353	27	5	22	1	0
ERG	missense;lof;synonymous	0.01	0.847554690817089	0.8091442950179	0.744654667239461	-0.00230800072102697	0.00955574802923067	124	31	93	2	0
ERG	Cauchy	NA	0.703378175801809	0.650480594894281	0.581987214469683	NA	NA	NA	NA	NA	NA	NA
ETS2	missense;lof	0.01	1	1	1	0.000264614796762807	Inf	58	15	43	2	0
ETS2	missense;lof;synonymous	0.01	0.869964948236116	0.743661870078774	1	0.0027572718858994	0.00843181904750778	150	40	110	3	0
ETS2	Cauchy	NA	1	1	1	NA	NA	NA	NA	NA	NA	NA
PSMG1	missense;lof	0.01	0.0852254899999996	0.0852254899999996	0.0852254899999996	-0.0319472499488966	0.018561684041482	28	3	25	1	0
PSMG1	missense;lof;synonymous	0.01	0.0852254899999996	0.0852254899999996	0.0852254899999996	-0.0319472499488966	0.018561684041482	28	3	25	1	0
PSMG1	Cauchy	NA	0.0852254899999996	0.0852254899999996	0.0852254899999996	NA	NA	NA	NA	NA	NA	NA
BRWD1	missense;lof	0.01	0.816771894917628	0.836621451962672	0.650485201237425	0.00126268207585092	0.00612307623262043	307	80	227	4	0
BRWD1	missense;lof;synonymous	0.01	0.900112453957996	0.7452808733579	0.750267874580431	0.00181416340862688	0.00558430699965295	358	94	264	5	0
BRWD1	Cauchy	NA	0.870016061304218	0.799567044504511	0.706166118927743	NA	NA	NA	NA	NA	NA	NA
HMGN1	missense;lof	0.01	0.9817169	0.9817169	0.9817169	-0.000324229188419172	0.0141483021070478	52	13	39	1	0
HMGN1	missense;lof;synonymous	0.01	0.63782218091421	0.774138877069994	0.474840405294684	-0.00234780648983777	0.00818149913296127	151	37	114	3	0
HMGN1	Cauchy	NA	0.964489363761363	0.965822746987191	0.963388357381015	NA	NA	NA	NA	NA	NA	NA
WRB	missense;lof	0.01	0.3244756	0.3244756	0.3244756	0.0175131074037809	0.0177743493384572	30	10	20	1	0
WRB	missense;lof;synonymous	0.01	0.753508162850782	0.622383232145068	0.697844228384814	0.00508928903371095	0.0103340957153935	94	26	68	2	0
WRB	Cauchy	NA	0.563937059462482	0.466627946592413	0.51608899319499	NA	NA	NA	NA	NA	NA	NA
WRB-SH3BGR	missense;lof	0.01	0.3244756	0.3244756	0.3244756	0.0175131074037809	0.0177743493384572	30	10	20	1	0
WRB-SH3BGR	missense;lof;synonymous	0.01	0.3244756	0.3244756	0.3244756	0.0175131074037809	0.0177743493384572	30	10	20	1	0
WRB-SH3BGR	Cauchy	NA	0.3244756	0.3244756	0.3244756	NA	NA	NA	NA	NA	NA	NA
LCA5L	missense;lof	0.01	0.720281315472565	0.554602894372026	0.983076856929681	-0.00582670942875738	0.00986112213282921	101	23	78	3	0
LCA5L	missense;lof;synonymous	0.01	0.811925316886616	0.848323070512445	0.636758395992375	0.00166570194682866	0.00870916544125758	128	33	95	4	0
LCA5L	Cauchy	NA	0.773503898264438	0.758558925450162	0.96704640328774	NA	NA	NA	NA	NA	NA	NA
SH3BGR	lof	0.01	0.7851309	0.7851309	0.7851309	0.00278824269196964	0.0102268749489147	132	35	97	1	0
SH3BGR	missense;lof	0.01	1	0.887628777735685	1	0.00112860735351348	0.0079870146709564	200	52	148	2	0
SH3BGR	missense;lof;synonymous	0.01	0.884686363004347	0.747511478390566	0.881139930190586	-0.00201247861513038	0.0062514400266151	321	80	241	3	0
SH3BGR	Cauchy	NA	1	0.826500021008038	1	NA	NA	NA	NA	NA	NA	NA
B3GALT5	missense;lof;synonymous	0.01	0.00101058146175548	0.00122014619505972	0.0009486754112491	0.0258676666422079	0.00799834269200109	189	68	121	2	0
B3GALT5	Cauchy	NA	0.00101058146175548	0.00122014619505983	0.0009486754112491	NA	NA	NA	NA	NA	NA	NA
IGSF5	missense;lof	0.01	0.53182358774682	0.489591170074469	0.405873567614842	0.00882206360593729	0.0127678499359124	58	17	41	2	0
IGSF5	missense;lof;synonymous	0.01	0.427622031549603	0.285066761512165	0.331929751924753	0.00874833189255578	0.00818360999117655	143	42	101	4	0
IGSF5	Cauchy	NA	0.479168963481953	0.374308941670369	0.367008746449353	NA	NA	NA	NA	NA	NA	NA
DSCAM	missense;lof	0.01	1	0.90131591283168	0.94192996988043	0.000747223582023953	0.00602603577380701	305	79	226	6	0
DSCAM	missense;lof;synonymous	0.01	0.368234195099784	0.221654687712187	0.54144425196695	0.00504496377139395	0.00412797532091258	607	167	440	13	0
DSCAM	Cauchy	NA	0.736468390199568	0.743956065286282	0.889931749373972	NA	NA	NA	NA	NA	NA	NA
BACE2	missense;lof	0.01	0.4921072	0.4921072	0.4921072	0.0110585899617521	0.0160978385616237	36	11	25	1	0
BACE2	missense;lof;synonymous	0.01	0.500551459429232	0.378753891038905	0.676196197180809	0.00931641636607728	0.0105844960009388	87	26	61	2	0
BACE2	Cauchy	NA	0.496328683795023	0.43331027532089	0.591776960854125	NA	NA	NA	NA	NA	NA	NA
PLAC4	lof	0.01	0.3697901	0.3697901	0.3697901	-0.0100060734837449	0.0111567020009836	87	18	69	1	0
PLAC4	missense;lof	0.01	0.3697901	0.3697901	0.3697901	-0.0100060734837449	0.0111567020009836	87	18	69	1	0
PLAC4	missense;lof;synonymous	0.01	0.3697901	0.3697901	0.3697901	-0.0100060734837449	0.0111567020009836	87	18	69	1	0
PLAC4	Cauchy	NA	0.3697901	0.3697901	0.3697901	NA	NA	NA	NA	NA	NA	NA
FAM3B	missense;lof	0.01	0.148893100000002	0.148893100000002	0.148893100000002	0.0213307594501719	0.0147775991170411	46	16	30	1	0
FAM3B	missense;lof;synonymous	0.01	0.122869058015825	0.961136589904793	0.0836957662068999	0.000213506317388332	0.00438165371156553	74	19	55	2	0
FAM3B	Cauchy	NA	0.134710368229636	0.900224045253668	0.107507732006223	NA	NA	NA	NA	NA	NA	NA
MX2	missense;lof	0.01	1	0.837002431244206	0.944036864614866	0.00244477959353691	0.0118834824456259	67	18	49	2	0
MX2	missense;lof;synonymous	0.01	0.656112824712416	0.495785603742463	0.515604143472014	-0.0054090434237595	0.00794121215497622	168	39	129	3	0
MX2	Cauchy	NA	1	0.730234613706247	0.892202502080976	NA	NA	NA	NA	NA	NA	NA
MX1	missense;lof	0.01	0.191167	0.191167	0.191167	-0.0135090695269468	0.0103348725242217	127	26	101	1	0
MX1	missense;lof;synonymous	0.01	0.507858850379548	0.385370958891449	0.401696207373856	-0.0064971178875495	0.00748479067653448	231	53	178	2	0
MX1	Cauchy	NA	0.301869004655365	0.263561471673877	0.268598221448653	NA	NA	NA	NA	NA	NA	NA
TMPRSS2	missense;lof	0.01	0.0976646199999999	0.0976646199999999	0.0976646199999999	0.0208102961970537	0.012564460487034	67	23	44	1	0
TMPRSS2	missense;lof;synonymous	0.01	0.327467595243798	0.900434913686442	0.218690137201916	-0.000870552401535071	0.00695818681218626	212	53	159	3	0
TMPRSS2	Cauchy	NA	0.155659914483069	0.489779434691806	0.136477050536316	NA	NA	NA	NA	NA	NA	NA
RIPK4	missense;lof	0.01	0.711039476265228	0.524343636671338	0.521150094566799	-0.00398805699589591	0.00626398873006758	263	63	200	5	0
RIPK4	missense;lof;synonymous	0.01	0.528062653988537	0.871453735556684	0.348877615276718	-0.000902624487777546	0.00557822227075141	318	80	238	7	0
RIPK4	Cauchy	NA	0.630513935713551	0.779946363458883	0.429942543903754	NA	NA	NA	NA	NA	NA	NA
PRDM15	lof	0.01	0.6145677	0.6145677	0.6145677	0.0108217698957207	0.0214903507155297	20	6	14	1	0
PRDM15	missense;lof	0.01	0.502481280226944	0.332543283307857	0.77173562484662	-0.00645150044808342	0.00665786895355318	222	51	171	6	0
PRDM15	missense;lof;synonymous	0.01	0.728759597214145	0.522307601187267	0.977285297267804	-0.00330738333279426	0.00516946363746913	504	122	382	12	0
PRDM15	Cauchy	NA	0.626463309018635	0.485775639816625	0.939192832585893	NA	NA	NA	NA	NA	NA	NA
C2CD2	missense;lof	0.01	0.1172116	0.1172116	0.1172116	-0.0286711532847223	0.018301683858359	26	3	23	1	0
C2CD2	missense;lof;synonymous	0.01	0.1172116	0.1172116	0.1172116	-0.0286711532847223	0.018301683858359	26	3	23	1	0
C2CD2	Cauchy	NA	0.1172116	0.1172116	0.1172116	NA	NA	NA	NA	NA	NA	NA
ZBTB21	lof	0.01	0.7526887	0.7526887	0.7526887	0.00328211648440833	0.0104162400855266	119	32	87	1	0
ZBTB21	missense;lof	0.01	1	0.959967334522646	0.878118249033363	-0.000402582018968456	0.0080204288589946	225	57	168	2	0
ZBTB21	missense;lof;synonymous	0.01	0.870972169787226	0.695076309758052	0.968670309437744	0.00199359561739505	0.00508602086555502	433	113	320	7	0
ZBTB21	Cauchy	NA	1	0.903866405186979	0.931023730935122	NA	NA	NA	NA	NA	NA	NA
UMODL1	missense;lof	0.01	0.402720942905922	0.247478407554722	0.713589045931974	0.00548665491270963	0.00474420642829532	433	121	312	11	0
UMODL1	missense;lof;synonymous	0.01	0.703013030155141	0.959855658431849	0.485895806082356	0.000206406794274573	0.00410068448613333	625	160	465	17	0
UMODL1	Cauchy	NA	0.56674237601043	0.909839113102909	0.614138910744889	NA	NA	NA	NA	NA	NA	NA
ABCG1	missense;lof	0.01	0.521510792945266	0.373614065634067	0.746346480588363	-0.00949134447113852	0.0106677393360705	86	18	68	3	0
ABCG1	missense;lof;synonymous	0.01	0.658991157544715	0.481642070365288	0.920445458287156	-0.00514988347434395	0.00731866882057741	222	52	170	4	0
ABCG1	Cauchy	NA	0.594714284401453	0.425466124144611	0.876529009349894	NA	NA	NA	NA	NA	NA	NA
TFF3	missense;lof	0.01	0.5867522	0.5867522	0.5867522	0.00964950704549168	0.017752798244142	30	9	21	1	0
TFF3	missense;lof;synonymous	0.01	0.5867522	0.5867522	0.5867522	0.00964950704549168	0.017752798244142	30	9	21	1	0
TFF3	Cauchy	NA	0.5867522	0.5867522	0.5867522	NA	NA	NA	NA	NA	NA	NA
TFF2	missense;lof	0.01	0.4506732	0.4506732	0.4506732	0.0102279636988006	0.0135596662502418	57	17	40	1	0
TFF2	missense;lof;synonymous	0.01	0.65475864528176	0.984960347618102	0.51938416117277	0.000146756915508732	0.00778529580778605	94	24	70	2	0
TFF2	Cauchy	NA	0.55858057390779	0.969765545280512	0.484852785301586	NA	NA	NA	NA	NA	NA	NA
TFF1	missense;lof	0.01	0.5607016	0.5607016	0.5607016	0.00680405971181877	0.0116948489401023	87	24	63	1	0
TFF1	missense;lof;synonymous	0.01	0.5607016	0.5607016	0.5607016	0.00680405971181877	0.0116948489401023	87	24	63	1	0
TFF1	Cauchy	NA	0.5607016	0.5607016	0.5607016	NA	NA	NA	NA	NA	NA	NA
TMPRSS3	missense;lof	0.01	0.6877518	0.6877518	0.6877518	-0.00452816264009406	0.0112666670893091	89	21	68	1	0
TMPRSS3	missense;lof;synonymous	0.01	0.6877518	0.6877518	0.6877518	-0.00452816264009406	0.0112666670893091	89	21	68	1	0
TMPRSS3	Cauchy	NA	0.6877518	0.6877518	0.6877518	NA	NA	NA	NA	NA	NA	NA
UBASH3A	missense;lof	0.01	0.330321187497385	0.206753637982598	0.823958511721308	-0.00689546758439126	0.00546157258211155	365	83	282	6	0
UBASH3A	missense;lof;synonymous	0.01	0.0324101947648865	0.0165325919399422	0.499639794605091	-0.00947591036787995	0.00395333507530114	780	170	610	14	0
UBASH3A	Cauchy	NA	0.0606039094928399	0.0308775276945967	0.716592707630661	NA	NA	NA	NA	NA	NA	NA
RSPH1	missense;lof	0.01	0.614106106074427	0.677044082889725	0.441728785436557	0.0031548044740167	0.00757455846166722	175	47	128	4	0
RSPH1	missense;lof;synonymous	0.01	0.614106106074427	0.677044082889725	0.441728785436557	0.0031548044740167	0.00757455846166722	175	47	128	4	0
RSPH1	Cauchy	NA	0.614106106074427	0.677044082889725	0.441728785436557	NA	NA	NA	NA	NA	NA	NA
SLC37A1	missense;lof	0.01	0.480458518361059	0.335401082384033	0.61764097951892	-0.0066235159423028	0.00687591818183194	246	55	191	4	0
SLC37A1	missense;lof;synonymous	0.01	0.657381699670686	0.467695601870419	0.576895489164391	-0.00363901363921363	0.00501080346764397	473	113	360	6	0
SLC37A1	Cauchy	NA	0.57461839420135	0.397026511768746	0.597680689792482	NA	NA	NA	NA	NA	NA	NA
PDE9A	missense;lof	0.01	0.5338906	0.5338906	0.5338906	0.00814316186589685	0.013090259192809	63	18	45	1	0
PDE9A	missense;lof;synonymous	0.01	0.5338906	0.5338906	0.5338906	0.00814316186589685	0.013090259192809	63	18	45	1	0
PDE9A	Cauchy	NA	0.5338906	0.5338906	0.5338906	NA	NA	NA	NA	NA	NA	NA
WDR4	missense;lof	0.01	0.218299040694796	0.15509740609171	0.290124927681833	0.0142843287340531	0.0100469696839426	104	33	71	2	0
WDR4	missense;lof;synonymous	0.01	0.384101869032579	0.252820873809252	0.566688408281374	0.00880695055379763	0.00770158425238205	174	51	123	4	0
WDR4	Cauchy	NA	0.284920130912552	0.193744512330071	0.412741126425726	NA	NA	NA	NA	NA	NA	NA
NDUFV3	missense;lof	0.01	0.874749309242858	0.717383950313618	0.937042497794167	0.00310781488916734	0.00858613712773253	130	35	95	4	0
NDUFV3	missense;lof;synonymous	0.01	0.863083861013468	0.679929421399998	0.994231170215613	0.00269303366776101	0.0065276258209009	218	58	160	7	0
NDUFV3	Cauchy	NA	0.869161334465756	0.699451933015152	0.989422023282789	NA	NA	NA	NA	NA	NA	NA
HSF2BP	missense;lof	0.01	0.130849199999999	0.130849199999999	0.130849199999999	-0.0212118555641257	0.0140405047883722	50	8	42	1	0
HSF2BP	missense;lof;synonymous	0.01	0.130849199999999	0.130849199999999	0.130849199999999	-0.0212118555641257	0.0140405047883722	50	8	42	1	0
HSF2BP	Cauchy	NA	0.130849199999999	0.130849199999999	0.130849199999999	NA	NA	NA	NA	NA	NA	NA
RRP1B	missense;lof	0.01	0.0666593408155968	0.0612122670639403	0.0453742707119058	-0.0137748890643693	0.00735854182134633	204	40	164	3	0
RRP1B	missense;lof;synonymous	0.01	0.0642386832336765	0.068864356542871	0.0411236645169775	-0.0101954626983744	0.00560403138588049	326	69	257	6	0
RRP1B	Cauchy	NA	0.0654269458795289	0.0648163545516656	0.0431451682136231	NA	NA	NA	NA	NA	NA	NA
PDXK	missense;lof;synonymous	0.01	0.7973285	0.7973285	0.7973285	0.0035239034418385	0.0137220421858218	56	15	41	1	0
PDXK	Cauchy	NA	0.7973285	0.7973285	0.7973285	NA	NA	NA	NA	NA	NA	NA
CSTB	missense;lof	0.01	0.838793200000001	0.838793200000001	0.838793200000001	-0.00424105410486323	0.0208469775255043	21	5	16	1	0
CSTB	missense;lof;synonymous	0.01	0.838793200000001	0.838793200000001	0.838793200000001	-0.00424105410486323	0.0208469775255043	21	5	16	1	0
CSTB	Cauchy	NA	0.838793200000001	0.838793200000001	0.838793200000001	NA	NA	NA	NA	NA	NA	NA
RRP1	lof	0.01	0.72277	0.72277	0.72277	0.0038528245905408	0.0108603938723218	104	28	76	1	0
RRP1	missense;lof	0.01	0.507747970981404	0.972817325602343	0.342727719498202	-0.000172295418926466	0.00505635516287078	295	75	220	5	0
RRP1	missense;lof;synonymous	0.01	0.578984274883209	0.714329527668687	0.392144517865522	-0.00184036660517523	0.0050276696454327	419	103	316	7	0
RRP1	Cauchy	NA	0.613710671857985	0.929491767129153	0.494797054968341	NA	NA	NA	NA	NA	NA	NA
AGPAT3	missense;lof;synonymous	0.01	0.639414438342277	0.735464954955299	0.504704790815045	0.00458143655759058	0.0135599636335833	51	14	37	2	0
AGPAT3	Cauchy	NA	0.639414438342277	0.735464954955299	0.504704790815045	NA	NA	NA	NA	NA	NA	NA
TRAPPC10	missense;lof	0.01	0.0992401733954839	0.0596938250522029	0.360362165135991	0.0150572772702948	0.00799622474503303	150	48	102	4	0
TRAPPC10	missense;lof;synonymous	0.01	0.0992401733954839	0.0596938250522029	0.360362165135991	0.0150572772702948	0.00799622474503303	150	48	102	4	0
TRAPPC10	Cauchy	NA	0.099240173395484	0.0596938250522029	0.360362165135991	NA	NA	NA	NA	NA	NA	NA
DNMT3L	missense;lof	0.01	0.473077	0.473077	0.473077	-0.0136429820772186	0.0190150974117849	26	5	21	1	0
DNMT3L	missense;lof;synonymous	0.01	0.885646439857951	0.738814141887075	0.900287191949477	-0.00232756728587573	0.00698080010122847	216	54	162	4	0
DNMT3L	Cauchy	NA	0.78997591834723	0.627554274127585	0.812949192957112	NA	NA	NA	NA	NA	NA	NA
AIRE	missense;lof	0.01	0.818238643621547	0.68051197239808	0.663158077496221	0.00435904866872249	0.0105862638407757	84	23	61	3	0
AIRE	missense;lof;synonymous	0.01	0.803759673711363	0.654801197140682	0.618378748980173	0.00364059686595258	0.00814264845244824	141	38	103	5	0
AIRE	Cauchy	NA	0.811243163279293	0.667958820249751	0.641516605536906	NA	NA	NA	NA	NA	NA	NA
PFKL	missense;lof	0.01	0.0565011924517406	0.0395526152893888	0.0524809968056305	0.0156395784459251	0.00759796290888306	209	67	142	2	0
PFKL	missense;lof;synonymous	0.01	0.0945022002387288	0.116937793877902	0.0590855565842097	0.0109203824705238	0.00696560799234866	241	73	168	3	0
PFKL	Cauchy	NA	0.0707992802587198	0.0593345516742565	0.0555897785994832	NA	NA	NA	NA	NA	NA	NA
C21orf2	lof	0.01	0.7953568	0.7953568	0.7953568	-0.00493240426283252	0.0190175326579151	26	6	20	1	0
C21orf2	missense;lof	0.01	0.162095309724701	0.116544497200581	0.129997370168722	-0.0158702391850452	0.0101120130853069	104	19	85	2	0
C21orf2	missense;lof;synonymous	0.01	0.162095309724701	0.116544497200581	0.129997370168722	-0.0158702391850452	0.0101120130853069	104	19	85	2	0
C21orf2	Cauchy	NA	0.295374959767476	0.209459293834687	0.2354868758823	NA	NA	NA	NA	NA	NA	NA
TRPM2	missense;lof	0.01	0.434828550503062	0.808203096743357	0.27942079824425	-0.00139689474090396	0.0057545814290355	322	80	242	6	0
TRPM2	missense;lof;synonymous	0.01	0.387467343425411	0.241579067550985	0.296766303005276	-0.00454250954731641	0.00387900882819652	677	160	517	16	0
TRPM2	Cauchy	NA	0.410641135697793	0.562737054367147	0.287907888266566	NA	NA	NA	NA	NA	NA	NA
LRRC3	missense;lof;synonymous	0.01	1	0.91124655449646	0.891987454814133	-0.00113528922433	0.0101850406570478	99	25	74	2	0
LRRC3	Cauchy	NA	1	0.91124655449646	0.891987454814133	NA	NA	NA	NA	NA	NA	NA
TSPEAR	missense;lof	0.01	0.073024217838725	0.0417861554746303	0.237138245226509	0.0121162515544604	0.00595204951618547	296	90	206	6	0
TSPEAR	missense;lof;synonymous	0.01	0.203974058766575	0.118810692141788	0.415503811173242	0.00705656724062404	0.00452406398381748	539	152	387	9	0
TSPEAR	Cauchy	NA	0.108773949346438	0.0620629625294942	0.310334105561107	NA	NA	NA	NA	NA	NA	NA
KRTAP10-3	lof	0.01	0.851638031264847	0.787604884537828	0.732545877991248	0.00301501433311239	0.0111906721058792	78	21	57	2	0
KRTAP10-3	missense;lof	0.01	1	0.929015284550135	0.982695477295578	-0.00057075646287608	0.00640695886510991	312	79	233	8	0
KRTAP10-3	missense;lof;synonymous	0.01	0.64275389611002	0.800098011464506	0.440458280494441	-0.00123784175076112	0.00488839933799125	600	149	451	14	0
KRTAP10-3	Cauchy	NA	1	0.872038779975299	0.950365757117553	NA	NA	NA	NA	NA	NA	NA
KRTAP10-10	missense;lof	0.01	0.4344817	0.4344817	0.4344817	0.0151371369426751	0.0193682083261651	25	8	17	1	0
KRTAP10-10	missense;lof;synonymous	0.01	0.497161207610391	0.70639526307005	0.374772867262539	-0.00448233760466241	0.0118989030942021	68	16	52	2	0
KRTAP10-10	Cauchy	NA	0.465486695872736	0.585262248825349	0.40375718706425	NA	NA	NA	NA	NA	NA	NA
KRTAP10-11	missense;lof	0.01	0.178449172611894	0.115266646198842	0.444829599237157	-0.0122666731428393	0.00778858245173672	176	36	140	3	0
KRTAP10-11	missense;lof;synonymous	0.01	0.69729457439093	0.804209338787064	0.521871899823163	-0.00151438873726952	0.00610879170744808	538	134	404	8	0
KRTAP10-11	Cauchy	NA	0.368163380700342	0.325143267729582	0.483104290949457	NA	NA	NA	NA	NA	NA	NA
KRTAP12-4	missense;lof	0.01	0.399562	0.399562	0.399562	0.0118181530634537	0.0140290842682303	52	16	36	1	0
KRTAP12-4	missense;lof;synonymous	0.01	0.351891103575135	0.254933291660299	0.518384630917578	0.0103447388399983	0.00908669975460284	131	39	92	2	0
KRTAP12-4	Cauchy	NA	0.374989266758819	0.316991481110119	0.457502071300836	NA	NA	NA	NA	NA	NA	NA
KRTAP12-3	lof	0.01	0.6913597	0.6913597	0.6913597	-0.00424918200400758	0.0107029455067963	109	26	83	1	0
KRTAP12-3	missense;lof	0.01	0.6913597	0.6913597	0.6913597	-0.00424918200400758	0.0107029455067963	109	26	83	1	0
KRTAP12-3	missense;lof;synonymous	0.01	0.6913597	0.6913597	0.6913597	-0.00424918200400758	0.0107029455067963	109	26	83	1	0
KRTAP12-3	Cauchy	NA	0.6913597	0.6913597	0.6913597	NA	NA	NA	NA	NA	NA	NA
KRTAP10-12	lof	0.01	0.1764144	0.1764144	0.1764144	-0.0249199721426446	0.0184335977274094	28	4	24	1	0
KRTAP10-12	missense;lof	0.01	0.0368513260837335	0.0810926310567089	0.0215442964489219	0.0120011118870427	0.00687986748238538	224	68	156	4	0
KRTAP10-12	missense;lof;synonymous	0.01	0.020795079654079	0.0789995482978164	0.0117159351333732	0.0105852059136338	0.00602623481970071	290	87	203	6	0
KRTAP10-12	Cauchy	NA	0.0372769530171362	0.0983174905176918	0.0219054052286169	NA	NA	NA	NA	NA	NA	NA
UBE2G2	missense;lof;synonymous	0.01	0.485310143870718	0.566786906005872	0.372515573226568	-0.00515138956452856	0.00899350506661005	155	37	118	2	0
UBE2G2	Cauchy	NA	0.485310143870718	0.566786906005872	0.372515573226568	NA	NA	NA	NA	NA	NA	NA
PTTG1IP	missense;lof	0.01	0.7766162	0.7766162	0.7766162	0.00303514740390378	0.0106972544897884	112	30	82	1	0
PTTG1IP	missense;lof;synonymous	0.01	0.7766162	0.7766162	0.7766162	0.00303514740390378	0.0106972544897884	112	30	82	1	0
PTTG1IP	Cauchy	NA	0.7766162	0.7766162	0.7766162	NA	NA	NA	NA	NA	NA	NA
ITGB2	missense;lof	0.01	0.1212407	0.1212407	0.1212407	0.0230982992116099	0.0149061012725419	46	16	30	1	0
ITGB2	missense;lof;synonymous	0.01	0.652906140522818	0.462854905225485	0.700603614938714	0.00487592752789482	0.00664155986937992	234	64	170	5	0
ITGB2	Cauchy	NA	0.251909307298196	0.207862038776864	0.269593145327434	NA	NA	NA	NA	NA	NA	NA
FAM207A	missense;lof	0.01	0.2305234	0.2305234	0.2305234	0.0150678438513249	0.0125668865226111	70	22	48	1	0
FAM207A	missense;lof;synonymous	0.01	0.17958437316147	0.123928566309244	0.294030711378091	0.0146737298580866	0.0095377407171041	113	36	77	2	0
FAM207A	Cauchy	NA	0.202329006795348	0.162627232365039	0.259325312849825	NA	NA	NA	NA	NA	NA	NA
ADARB1	missense;lof;synonymous	0.01	0.662590395290974	0.472873931275339	0.527834143874335	-0.00624658506306466	0.00870227189726113	125	28	97	5	0
ADARB1	Cauchy	NA	0.662590395290974	0.472873931275339	0.527834143874335	NA	NA	NA	NA	NA	NA	NA
POFUT2	missense;lof	0.01	0.24600208240265	0.175290140225048	0.357965097910004	-0.0129669551119528	0.0095668841883314	123	25	98	2	0
POFUT2	missense;lof;synonymous	0.01	0.24600208240265	0.175290140225048	0.357965097910004	-0.0129669551119528	0.0095668841883314	123	25	98	2	0
POFUT2	Cauchy	NA	0.24600208240265	0.175290140225048	0.357965097910004	NA	NA	NA	NA	NA	NA	NA
COL18A1	lof	0.01	0.125793099999999	0.125793099999999	0.125793099999999	-0.0198699538344604	0.0129792284542662	64	11	53	1	0
COL18A1	missense;lof	0.01	0.147634050279228	0.534182025022967	0.0839665331239026	-0.00280194291375022	0.00450737774072552	551	134	417	12	0
COL18A1	missense;lof;synonymous	0.01	0.349857715012642	0.60338778056176	0.207017717019981	0.00177151684230634	0.00340981295995464	964	253	711	20	0
COL18A1	Cauchy	NA	0.174680638979581	0.316327301170599	0.122385420365045	NA	NA	NA	NA	NA	NA	NA
SLC19A1	missense;lof	0.01	0.4729707	0.4729707	0.4729707	-0.0148344222747393	0.020670718552034	22	4	18	1	0
SLC19A1	missense;lof;synonymous	0.01	0.566594799346424	0.385568362052376	0.454098823426641	0.00525890931163396	0.00606087071305808	286	79	207	6	0
SLC19A1	Cauchy	NA	0.520217414834842	0.427896746072031	0.4635025577622	NA	NA	NA	NA	NA	NA	NA
PCBP3	missense;lof;synonymous	0.01	0.5222299	0.5222299	0.5222299	-0.011520073063949	0.0180025933282373	29	6	23	1	0
PCBP3	Cauchy	NA	0.5222299	0.5222299	0.5222299	NA	NA	NA	NA	NA	NA	NA
COL6A1	missense;lof	0.01	0.658015695527876	0.948071909179985	0.471012023270536	-0.000337014402803145	0.00517462914973736	413	104	309	5	0
COL6A1	missense;lof;synonymous	0.01	0.681497587619813	0.777327579374627	0.475118694176943	-0.00110870539335981	0.00392041097988469	723	180	543	9	0
COL6A1	Cauchy	NA	0.67001254257883	0.914475041191669	0.473064235203051	NA	NA	NA	NA	NA	NA	NA
COL6A2	missense;lof	0.01	0.367512129962632	0.923245188559316	0.227584811587648	0.000453948835580911	0.00471161581237747	527	136	391	10	0
COL6A2	missense;lof;synonymous	0.01	0.205562750830748	0.237423918891468	0.1205973155589	0.00475702232374232	0.00402642638195045	924	255	669	19	0
COL6A2	Cauchy	NA	0.269481792047212	0.812051288314747	0.159055054732441	NA	NA	NA	NA	NA	NA	NA
FTCD	lof	0.01	0.0695595163407731	0.0486419320044533	0.0887339627604864	0.0171311749777106	0.00868845566993219	159	51	108	2	0
FTCD	missense;lof	0.01	0.172327206114351	0.294042968062243	0.106855723594307	0.00768390443054968	0.00732293016187066	206	60	146	4	0
FTCD	missense;lof;synonymous	0.01	0.230996030518679	0.277365317088212	0.141983299756414	0.00729462434410159	0.00671537630657911	238	69	169	5	0
FTCD	Cauchy	NA	0.124219216336803	0.113037440393446	0.108577325677643	NA	NA	NA	NA	NA	NA	NA
FTCD-AS1	lof	0.01	0.0726010200000003	0.0726010200000003	0.0726010200000003	0.018681311161906	0.0104054984054231	120	39	81	1	0
FTCD-AS1	missense;lof	0.01	0.0726010200000003	0.0726010200000003	0.0726010200000003	0.018681311161906	0.0104054984054231	120	39	81	1	0
FTCD-AS1	missense;lof;synonymous	0.01	0.170175676910077	0.117153707941617	0.159629451298053	0.0120975460774656	0.00772101767901531	205	62	143	2	0
FTCD-AS1	Cauchy	NA	0.090174826979313	0.0832394112241556	0.0890671053718447	NA	NA	NA	NA	NA	NA	NA
SPATC1L	missense;lof	0.01	0.6297113	0.6297113	0.6297113	-0.0080736956871233	0.0167457770219829	32	7	25	1	0
SPATC1L	missense;lof;synonymous	0.01	0.625760410860499	0.681399532676784	0.462171447585974	-0.00329511764111316	0.00802602558580919	163	39	124	3	0
SPATC1L	Cauchy	NA	0.627741057588987	0.65667603256223	0.549299347035124	NA	NA	NA	NA	NA	NA	NA
LSS	missense;lof	0.01	0.408621952245326	0.353977021931081	0.300088723470074	-0.0108432135261667	0.0116983290433341	72	15	57	2	0
LSS	missense;lof;synonymous	0.01	0.505820663112863	0.824103980959075	0.359628949849776	-0.00209806891779419	0.00943929576597214	111	27	84	3	0
LSS	Cauchy	NA	0.456202250125252	0.663425065996827	0.328200914263563	NA	NA	NA	NA	NA	NA	NA
MCM3AP	missense;lof	0.01	0.0985389933353089	0.0591937133371272	0.378143556244735	0.0120635186574265	0.00639380256015696	280	84	196	5	0
MCM3AP	missense;lof;synonymous	0.01	0.856299912163007	0.718020127266439	0.6634058239387	0.00156905772289432	0.00434514312412509	576	150	426	10	0
MCM3AP	Cauchy	NA	0.344383851384351	0.133165703271411	0.525581616139572	NA	NA	NA	NA	NA	NA	NA
YBEY	missense;lof	0.01	0.6731303	0.6731303	0.6731303	-0.00427242740119362	0.0101276971075429	130	31	99	1	0
YBEY	missense;lof;synonymous	0.01	0.6731303	0.6731303	0.6731303	-0.00427242740119362	0.0101276971075429	130	31	99	1	0
YBEY	Cauchy	NA	0.6731303	0.6731303	0.6731303	NA	NA	NA	NA	NA	NA	NA
C21orf58	missense;lof	0.01	0.2900734	0.2900734	0.2900734	-0.022938363762157	0.0216816803063069	20	3	17	1	0
C21orf58	missense;lof;synonymous	0.01	0.548184569662758	0.407103769745833	0.811605194957315	-0.00581581892863016	0.00701545358889502	253	59	194	3	0
C21orf58	Cauchy	NA	0.403912628898205	0.34292078380659	0.608897104128457	NA	NA	NA	NA	NA	NA	NA
PCNT	missense;lof	0.01	0.692083110263851	0.657162692716935	0.482849573097837	0.00167618640460717	0.00377660761486742	1332	347	985	20	0
PCNT	missense;lof;synonymous	0.01	0.836320914882632	0.962749428599783	0.650981147847015	-0.000164962740975796	0.00353211737367485	2042	518	1524	28	0
PCNT	Cauchy	NA	0.782678031070717	0.930725455848677	0.571881545828831	NA	NA	NA	NA	NA	NA	NA
DIP2A	missense;lof	0.01	0.358223741964263	0.32171766975044	0.235444663829709	-0.0064464813686532	0.00650545799697435	267	62	205	4	0
DIP2A	missense;lof;synonymous	0.01	0.540215664976575	0.848807494902571	0.360044377755578	0.000922114269285487	0.00483693514184206	553	144	409	9	0
DIP2A	Cauchy	NA	0.444795443824855	0.685415054341809	0.288520690906039	NA	NA	NA	NA	NA	NA	NA
PRMT2	missense;lof	0.01	0.6420183	0.6420183	0.6420183	-0.00629844001789364	0.0135485655725884	58	13	45	1	0
PRMT2	missense;lof;synonymous	0.01	0.577660266616055	0.613002770859802	0.405695293297943	-0.00381718313356215	0.00754694451886428	173	41	132	4	0
PRMT2	Cauchy	NA	0.611016618844358	0.627790943067064	0.527478322339913	NA	NA	NA	NA	NA	NA	NA
