Region	Group	max_MAF	Pvalue	Pvalue_Burden	Pvalue_SKAT	BETA_Burden	SE_Burden	MAC	MAC_case	MAC_control	Number_rare	Number_ultra_rare
LIPI	lof	0.01	0.1979383	0.1979383	0.1979383	-0.0160511544022956	0.0124674228286902	126	15	111	1	0
LIPI	missense;lof	0.01	0.1979383	0.1979383	0.1979383	-0.0160511544022956	0.0124674228286902	126	15	111	1	0
LIPI	missense;lof;synonymous	0.01	0.1979383	0.1979383	0.1979383	-0.0160511544022956	0.0124674228286902	126	15	111	1	0
LIPI	Cauchy	NA	0.1979383	0.1979383	0.1979383	NA	NA	NA	NA	NA	NA	NA
RBM11	missense;lof;synonymous	0.01	0.267469	0.267469	0.267469	-0.0214900326901657	0.0193794196697289	27	2	25	1	0
RBM11	Cauchy	NA	0.267469	0.267469	0.267469	NA	NA	NA	NA	NA	NA	NA
HSPA13	missense;lof	0.01	0.6410917	0.6410917	0.6410917	0.00851150450468009	0.0182582542709505	39	8	31	1	0
HSPA13	missense;lof;synonymous	0.01	0.320100594365513	0.390585866243692	0.213545794692978	0.00770592014753331	0.00897544917616019	197	39	158	3	0
HSPA13	Cauchy	NA	0.474681699553653	0.518570708926669	0.380917195810816	NA	NA	NA	NA	NA	NA	NA
SAMSN1	missense;lof	0.01	0.196554472617649	0.128910009741429	0.342901895909154	-0.0138317109193573	0.00910931336090611	233	29	204	5	0
SAMSN1	missense;lof;synonymous	0.01	0.196554472617649	0.128910009741429	0.342901895909154	-0.0138317109193573	0.00910931336090611	233	29	204	5	0
SAMSN1	Cauchy	NA	0.196554472617649	0.128910009741429	0.342901895909154	NA	NA	NA	NA	NA	NA	NA
NRIP1	missense;lof	0.01	0.103448315659219	0.112571877307091	0.0624057152349575	0.0106390693748986	0.00670499216650851	323	66	257	6	0
NRIP1	missense;lof;synonymous	0.01	0.00029541293035007	0.00043738490216727	0.000484384711403107	0.0197423215560789	0.00561430127913941	536	123	413	10	0
NRIP1	Cauchy	NA	0.000589202453576299	0.00087152432513915	0.000961400810835511	NA	NA	NA	NA	NA	NA	NA
USP25	missense;lof	0.01	0.655220646286275	0.467700530555208	0.667621877860282	0.00484108454944024	0.00666608983799391	343	63	280	5	0
USP25	missense;lof;synonymous	0.01	0.839410166137112	0.839151539754186	0.655006314372332	0.00119310841123854	0.00587799287332972	449	77	372	6	0
USP25	Cauchy	NA	0.774979681368547	0.724777234902449	0.661383506067763	NA	NA	NA	NA	NA	NA	NA
CXADR	missense;lof;synonymous	0.01	0.496671192548007	0.496671192548007	0.496671192548007	0.00793006995316594	0.0116663848409993	20	6	14	1	0
CXADR	Cauchy	NA	0.496671192548007	0.496671192548007	0.496671192548007	NA	NA	NA	NA	NA	NA	NA
C21orf91	missense;lof;synonymous	0.01	0.8451801	0.8451801	0.8451801	-0.00242333921236304	0.0124100769492266	115	19	96	1	0
C21orf91	Cauchy	NA	0.8451801	0.8451801	0.8451801	NA	NA	NA	NA	NA	NA	NA
TMPRSS15	missense;lof	0.01	0.0797492402321619	0.0493990747654974	0.155905921176524	0.0124718607428596	0.00634657974152946	521	106	415	7	0
TMPRSS15	missense;lof;synonymous	0.01	0.105096043633558	0.0645079002728042	0.184410313234818	0.0112063360626196	0.00606189189142939	556	112	444	8	0
TMPRSS15	Cauchy	NA	0.0907321517032463	0.0559618034185119	0.169078871938191	NA	NA	NA	NA	NA	NA	NA
NCAM2	missense;lof	0.01	0.443038087699112	0.32959678907852	0.514329801003289	-0.0138960363102558	0.0142534214574068	65	8	57	2	0
NCAM2	missense;lof;synonymous	0.01	0.657397768955625	0.476598054543011	0.726082552415246	-0.00611516115064728	0.00859130633526815	215	32	183	5	0
NCAM2	Cauchy	NA	0.556422004593663	0.397570030415542	0.635263490064516	NA	NA	NA	NA	NA	NA	NA
MRPL39	missense;lof	0.01	0.579924771008011	0.411762843112046	0.786608555421266	0.00717141132320285	0.00873714897722494	186	36	150	4	0
MRPL39	missense;lof;synonymous	0.01	0.589475146039323	0.431761234916091	0.788975466408349	0.00721149314211316	0.00917281095098989	269	52	217	5	0
MRPL39	Cauchy	NA	0.584719486259124	0.421683188528362	0.787797602897061	NA	NA	NA	NA	NA	NA	NA
GABPA	missense;lof;synonymous	0.01	0.327259	0.327259	0.327259	-0.012805771344755	0.0130717844095499	95	13	82	1	0
GABPA	Cauchy	NA	0.327259	0.327259	0.327259	NA	NA	NA	NA	NA	NA	NA
APP	missense;lof	0.01	0.734964945898705	0.60849248626845	0.913612460151202	-0.00610163275543755	0.0119119814086912	110	16	94	2	0
APP	missense;lof;synonymous	0.01	0.860863297861576	0.835872924761949	0.708481759744782	-0.00148043966764076	0.00714582952963566	473	75	398	6	0
APP	Cauchy	NA	0.81524796634126	0.759200588021913	0.863152478414223	NA	NA	NA	NA	NA	NA	NA
CYYR1	lof	0.01	0.8279064	0.8279064	0.8279064	0.00437877010480404	0.0201426983272816	31	6	25	1	0
CYYR1	missense;lof	0.01	0.808799724290369	0.652545382316838	0.797494506299851	0.00472007057392194	0.0104837124387302	125	23	102	3	0
CYYR1	missense;lof;synonymous	0.01	0.615776921300786	0.66668650866844	0.437314063096141	-0.00396266383300255	0.00920051939768439	161	25	136	4	0
CYYR1	Cauchy	NA	0.774708860107038	0.736909983761211	0.74016565699745	NA	NA	NA	NA	NA	NA	NA
ADAMTS1	missense;lof	0.01	0.145276300192363	0.321521701836069	0.0881918831947414	-0.00807404255255228	0.00814461015760791	219	32	187	4	0
ADAMTS1	missense;lof;synonymous	0.01	0.169437740022312	0.662596246694371	0.0977352895831858	-0.00254612780188345	0.0058353062569326	425	69	356	8	0
ADAMTS1	Cauchy	NA	0.156505548418638	0.489259614644535	0.0927256288933868	NA	NA	NA	NA	NA	NA	NA
ADAMTS5	missense;lof	0.01	0.284169889295769	0.187591022767155	0.411060853491634	0.00655907830721087	0.00497752448429877	95	27	68	3	0
ADAMTS5	missense;lof;synonymous	0.01	0.0157355128183617	0.00873002507303866	0.0504012061994414	0.0169919768366682	0.00647943001447898	337	74	263	8	0
ADAMTS5	Cauchy	NA	0.0301987387866214	0.0167605813508058	0.094337577155752	NA	NA	NA	NA	NA	NA	NA
N6AMT1	missense;lof	0.01	0.148839400000002	0.148839400000002	0.148839400000002	-0.0224821043505158	0.0155731736255956	61	6	55	1	0
N6AMT1	missense;lof;synonymous	0.01	0.148839400000002	0.148839400000002	0.148839400000002	-0.0224821043505158	0.0155731736255956	61	6	55	1	0
N6AMT1	Cauchy	NA	0.148839400000002	0.148839400000002	0.148839400000002	NA	NA	NA	NA	NA	NA	NA
LTN1	missense;lof	0.01	0.0811917791075818	0.0535762351555029	0.0962504724155421	0.0188744908661374	0.00977827730865285	154	36	118	2	0
LTN1	missense;lof;synonymous	0.01	0.0473675042988452	0.0269606354497639	0.143722946718846	0.0165098819506387	0.00746348580593148	246	56	190	5	0
LTN1	Cauchy	NA	0.0598826722140141	0.0358891713360034	0.115499321195408	NA	NA	NA	NA	NA	NA	NA
RWDD2B	missense;lof	0.01	0.240234954446048	0.156889332580634	0.448389548515269	-0.0122297313030125	0.00863918722199469	205	27	178	3	0
RWDD2B	missense;lof;synonymous	0.01	0.00637178906130831	0.00342269619851998	0.0196499022545849	-0.0193261403583276	0.00660275530960953	358	39	319	5	0
RWDD2B	Cauchy	NA	0.0124732277140005	0.00671029618243313	0.0387631709654772	NA	NA	NA	NA	NA	NA	NA
USP16	missense;lof	0.01	0.0492921493655685	0.0325799671426796	0.0944269967017382	0.024123469140129	0.0112873033222782	182	43	139	3	0
USP16	missense;lof;synonymous	0.01	0.0492921493655685	0.0325799671426796	0.0944269967017382	0.024123469140129	0.0112873033222782	182	43	139	3	0
USP16	Cauchy	NA	0.0492921493655685	0.0325799671426796	0.0944269967017382	NA	NA	NA	NA	NA	NA	NA
CCT8	missense;lof;synonymous	0.01	0.1449072	0.1449072	0.1449072	-0.0191955113127131	0.0131678293016864	96	11	85	1	0
CCT8	Cauchy	NA	0.1449072	0.1449072	0.1449072	NA	NA	NA	NA	NA	NA	NA
MAP3K7CL	missense;lof	0.01	0.5054297	0.5054297	0.5054297	-0.00828419108540517	0.012439268850127	117	17	100	1	0
MAP3K7CL	missense;lof;synonymous	0.01	0.5054297	0.5054297	0.5054297	-0.00828419108540517	0.012439268850127	117	17	100	1	0
MAP3K7CL	Cauchy	NA	0.5054297	0.5054297	0.5054297	NA	NA	NA	NA	NA	NA	NA
BACH1	missense;lof	0.01	0.296817882222571	0.214002666879811	0.326716868989179	0.0175019770820403	0.0140845771808766	70	15	55	2	0
BACH1	missense;lof;synonymous	0.01	0.179522241996985	0.886638800039728	0.10802336155042	-0.00102020270342199	0.00715637458147702	270	44	226	5	0
BACH1	Cauchy	NA	0.226266713055758	0.697787132966167	0.167707800839933	NA	NA	NA	NA	NA	NA	NA
GRIK1	missense;lof	0.01	0.675890554002703	0.593432121209486	0.50994613563739	0.00568778191733729	0.0106538891544885	123	22	101	3	0
GRIK1	missense;lof;synonymous	0.01	0.146904782926629	0.0839306506571985	0.241363454600597	0.0113601863374784	0.00657296005174891	319	64	255	7	0
GRIK1	Cauchy	NA	0.306236005674753	0.169172219077603	0.349307764228782	NA	NA	NA	NA	NA	NA	NA
CLDN17	missense;lof	0.01	0.5084008	0.5084008	0.5084008	-0.00999950021729416	0.0151202915721475	65	9	56	1	0
CLDN17	missense;lof;synonymous	0.01	0.856525950164081	0.793451668583541	0.740927224318153	-0.00297955248211272	0.0113796741304054	112	18	94	2	0
CLDN17	Cauchy	NA	0.757205911353421	0.688434476734539	0.643864351069587	NA	NA	NA	NA	NA	NA	NA
KRTAP24-1	missense;lof	0.01	0.2000553	0.2000553	0.2000553	-0.0252935018006665	0.019739050757746	33	3	30	1	0
KRTAP24-1	missense;lof;synonymous	0.01	0.184630200356903	0.114396877114227	0.331688322519336	-0.0150025302416886	0.00950288124998496	156	19	137	4	0
KRTAP24-1	Cauchy	NA	0.192071976211996	0.146397476070445	0.253203715744982	NA	NA	NA	NA	NA	NA	NA
KRTAP25-1	missense;lof	0.01	0.6623194	0.6623194	0.6623194	-0.00708903550588397	0.0162327049223918	57	8	49	1	0
KRTAP25-1	missense;lof;synonymous	0.01	0.6623194	0.6623194	0.6623194	-0.00708903550588397	0.0162327049223918	57	8	49	1	0
KRTAP25-1	Cauchy	NA	0.6623194	0.6623194	0.6623194	NA	NA	NA	NA	NA	NA	NA
KRTAP26-1	missense;lof	0.01	0.256864722114997	0.181750063062888	0.385076382931908	0.0197483748401535	0.0147885148425133	60	14	46	2	0
KRTAP26-1	missense;lof;synonymous	0.01	0.256864722114997	0.181750063062888	0.385076382931908	0.0197483748401535	0.0147885148425133	60	14	46	2	0
KRTAP26-1	Cauchy	NA	0.256864722114997	0.181750063062888	0.385076382931908	NA	NA	NA	NA	NA	NA	NA
KRTAP27-1	missense;lof	0.01	0.817536671001003	0.714063490085115	0.900981723048855	0.0040032247639656	0.0109257066953162	145	26	119	2	0
KRTAP27-1	missense;lof;synonymous	0.01	0.817536671001003	0.714063490085115	0.900981723048855	0.0040032247639656	0.0109257066953162	145	26	119	2	0
KRTAP27-1	Cauchy	NA	0.817536671001003	0.714063490085115	0.900981723048855	NA	NA	NA	NA	NA	NA	NA
KRTAP23-1	missense;lof	0.01	0.7915621	0.7915621	0.7915621	-0.00388505232430699	0.0147003663752833	71	11	60	1	0
KRTAP23-1	missense;lof;synonymous	0.01	0.7915621	0.7915621	0.7915621	-0.00388505232430699	0.0147003663752833	71	11	60	1	0
KRTAP23-1	Cauchy	NA	0.7915621	0.7915621	0.7915621	NA	NA	NA	NA	NA	NA	NA
KRTAP13-2	missense;lof	0.01	0.315099699874824	0.227790822322299	0.444267586103911	-0.0148824235394851	0.0123396103229097	91	11	80	2	0
KRTAP13-2	missense;lof;synonymous	0.01	0.324408085855848	0.217826988670964	0.613123406891073	-0.0129019496323694	0.0104695835570211	127	16	111	3	0
KRTAP13-2	Cauchy	NA	0.319710625967821	0.222716313144544	0.530818583318763	NA	NA	NA	NA	NA	NA	NA
KRTAP13-1	missense;lof;synonymous	0.01	0.6079374	0.6079374	0.6079374	-0.00916438619200606	0.0178636075883772	43	6	37	1	0
KRTAP13-1	Cauchy	NA	0.6079374	0.6079374	0.6079374	NA	NA	NA	NA	NA	NA	NA
KRTAP13-4	missense;lof	0.01	0.797331747003031	0.679277636239386	0.786036210766307	-0.00455524271447415	0.0110176637171388	127	20	107	2	0
KRTAP13-4	missense;lof;synonymous	0.01	1	0.95854100451841	0.840009540200356	0.000451704632542633	0.00868920933828024	247	43	204	3	0
KRTAP13-4	Cauchy	NA	1	0.924432740571229	0.816475653654758	NA	NA	NA	NA	NA	NA	NA
KRTAP15-1	missense;lof	0.01	1	0.968140145113356	1	0.000441173947508646	0.0110456344936565	158	27	131	3	0
KRTAP15-1	missense;lof;synonymous	0.01	0.578377336024557	0.411807199967666	0.539521817218551	0.00710567401453959	0.00865788046309346	202	39	163	4	0
KRTAP15-1	Cauchy	NA	1	0.93510154296845	1	NA	NA	NA	NA	NA	NA	NA
KRTAP19-1	missense;lof	0.01	0.7674775	0.7674775	0.7674775	-0.00546068958509642	0.018468488901003	39	6	33	1	0
KRTAP19-1	missense;lof;synonymous	0.01	0.7674775	0.7674775	0.7674775	-0.00546068958509642	0.018468488901003	39	6	33	1	0
KRTAP19-1	Cauchy	NA	0.7674775	0.7674775	0.7674775	NA	NA	NA	NA	NA	NA	NA
KRTAP19-4	lof	0.01	0.9833663	0.9833663	0.9833663	-0.000376173490399808	0.0180429656472538	42	7	35	1	0
KRTAP19-4	missense;lof	0.01	1	0.879067373546183	0.939786817866072	-0.00141337933048749	0.00928928389478515	193	31	162	3	0
KRTAP19-4	missense;lof;synonymous	0.01	1	0.848033321898771	0.930358216473919	-0.00167451264540482	0.0087383339204118	214	34	180	4	0
KRTAP19-4	Cauchy	NA	1	0.959678812177333	0.967007038161679	NA	NA	NA	NA	NA	NA	NA
KRTAP19-5	missense;lof	0.01	0.902615299999999	0.902615299999999	0.902615299999999	-0.0021772708948976	0.0177942301174487	43	7	36	1	0
KRTAP19-5	missense;lof;synonymous	0.01	1	0.98335750849674	0.993884554095704	0.000399061554343656	0.0191306670141496	77	13	64	2	0
KRTAP19-5	Cauchy	NA	1	0.971496246018945	0.988474100697842	NA	NA	NA	NA	NA	NA	NA
KRTAP19-6	missense;lof;synonymous	0.01	0.202296	0.202296	0.202296	-0.0224250281870837	0.0175877413139932	44	4	40	1	0
KRTAP19-6	Cauchy	NA	0.202296	0.202296	0.202296	NA	NA	NA	NA	NA	NA	NA
KRTAP19-7	missense;lof;synonymous	0.01	0.500474898563198	0.379222632605512	0.550941185677628	-0.00982655954708354	0.0111750592758576	116	16	100	2	0
KRTAP19-7	Cauchy	NA	0.500474898563198	0.379222632605512	0.550941185677628	NA	NA	NA	NA	NA	NA	NA
KRTAP22-2	missense;lof	0.01	0.3314249	0.3314249	0.3314249	-0.0154328277291529	0.0158896914426646	59	7	52	1	0
KRTAP22-2	missense;lof;synonymous	0.01	0.487928142951613	0.401524894132867	0.393423972520617	-0.0116526551463169	0.0138903825691946	139	18	121	3	0
KRTAP22-2	Cauchy	NA	0.403833097075549	0.364739779440675	0.361022954165721	NA	NA	NA	NA	NA	NA	NA
KRTAP6-3	missense;lof	0.01	0.793250999999999	0.793250999999999	0.793250999999999	0.00333688361276334	0.0127317569143865	104	19	85	1	0
KRTAP6-3	missense;lof;synonymous	0.01	1	0.810917048445078	0.969014183756997	0.002263540635058	0.00946125594713326	185	33	152	2	0
KRTAP6-3	Cauchy	NA	1	0.802426257998594	0.945455182926838	NA	NA	NA	NA	NA	NA	NA
KRTAP6-2	missense;lof;synonymous	0.01	0.7194636	0.7194636	0.7194636	0.00897180869950305	0.0249788805219161	20	4	16	1	0
KRTAP6-2	Cauchy	NA	0.7194636	0.7194636	0.7194636	NA	NA	NA	NA	NA	NA	NA
KRTAP22-1	missense;lof	0.01	0.772659700000001	0.772659700000001	0.772659700000001	0.00639851677723837	0.0221480400270998	25	5	20	1	0
KRTAP22-1	missense;lof;synonymous	0.01	0.772659700000001	0.772659700000001	0.772659700000001	0.00639851677723837	0.0221480400270998	25	5	20	1	0
KRTAP22-1	Cauchy	NA	0.772659700000001	0.772659700000001	0.772659700000001	NA	NA	NA	NA	NA	NA	NA
KRTAP6-1	missense;lof	0.01	0.341832033306582	0.669056757813951	0.233453372753823	0.00418247384973581	0.00978487123325026	154	27	127	3	0
KRTAP6-1	missense;lof;synonymous	0.01	0.341832033306582	0.669056757813951	0.233453372753823	0.00418247384973581	0.00978487123325026	154	27	127	3	0
KRTAP6-1	Cauchy	NA	0.341832033306582	0.669056757813951	0.233453372753823	NA	NA	NA	NA	NA	NA	NA
KRTAP20-1	missense;lof	0.01	0.5611761	0.5611761	0.5611761	-0.00973660789725228	0.0167556074906571	47	7	40	1	0
KRTAP20-1	missense;lof;synonymous	0.01	0.5611761	0.5611761	0.5611761	-0.00973660789725228	0.0167556074906571	47	7	40	1	0
KRTAP20-1	Cauchy	NA	0.5611761	0.5611761	0.5611761	NA	NA	NA	NA	NA	NA	NA
KRTAP21-2	missense;lof;synonymous	0.01	0.3481338	0.3481338	0.3481338	-0.014272172804506	0.0152120451256388	64	8	56	1	0
KRTAP21-2	Cauchy	NA	0.3481338	0.3481338	0.3481338	NA	NA	NA	NA	NA	NA	NA
KRTAP7-1	missense;lof;synonymous	0.01	0.1873508	0.1873508	0.1873508	-0.0343164235823126	0.0260277206965005	21	1	20	1	0
KRTAP7-1	Cauchy	NA	0.1873508	0.1873508	0.1873508	NA	NA	NA	NA	NA	NA	NA
KRTAP11-1	missense;lof	0.01	0.0456059333017703	0.0387222149013075	0.0361309379909042	0.0256267216035417	0.0123972668692898	91	24	67	2	0
KRTAP11-1	missense;lof;synonymous	0.01	0.0456059333017703	0.0387222149013075	0.0361309379909042	0.0256267216035417	0.0123972668692898	91	24	67	2	0
KRTAP11-1	Cauchy	NA	0.0456059333017703	0.0387222149013076	0.0361309379909043	NA	NA	NA	NA	NA	NA	NA
KRTAP19-8	lof	0.01	0.949946900000001	0.949946900000001	0.949946900000001	-0.0016361192471167	0.0260638691284405	20	3	17	1	0
KRTAP19-8	missense;lof	0.01	0.949946900000001	0.949946900000001	0.949946900000001	-0.0016361192471167	0.0260638691284405	20	3	17	1	0
KRTAP19-8	missense;lof;synonymous	0.01	0.949946900000001	0.949946900000001	0.949946900000001	-0.0016361192471167	0.0260638691284405	20	3	17	1	0
KRTAP19-8	Cauchy	NA	0.949946900000001	0.949946900000001	0.949946900000001	NA	NA	NA	NA	NA	NA	NA
TIAM1	missense;lof	0.01	0.0271120909754821	0.0195894073282888	0.0355356867719376	-0.0157885857706498	0.0067642544665518	308	37	271	7	0
TIAM1	missense;lof;synonymous	0.01	0.113441242204487	0.0795752294976515	0.108319898314988	-0.00889482438331745	0.00507360683884417	549	78	471	12	0
TIAM1	Cauchy	NA	0.0439339833750028	0.0314986634740919	0.0536906458430138	NA	NA	NA	NA	NA	NA	NA
SCAF4	missense;lof	0.01	0.7570286	0.7570286	0.7570286	-0.00489547478011864	0.0158232400724722	55	9	46	1	0
SCAF4	missense;lof;synonymous	0.01	0.0542927384039665	0.0322947011150483	0.211782682122288	-0.0212705081712763	0.00993603614812283	133	14	119	4	0
SCAF4	Cauchy	NA	0.126597389788908	0.0713118825042994	0.463676398988818	NA	NA	NA	NA	NA	NA	NA
HUNK	missense;lof	0.01	0.763735528109665	0.645016083537851	0.57587102301487	-0.00341573238522021	0.00741427265459849	272	43	229	5	0
HUNK	missense;lof;synonymous	0.01	0.724271142057209	0.692891894168798	0.530122245951192	-0.00245281004859461	0.00621068975966121	545	87	458	9	0
HUNK	Cauchy	NA	0.745184321525249	0.670014651185665	0.55327382793147	NA	NA	NA	NA	NA	NA	NA
MIS18A	missense;lof	0.01	0.281802901744298	0.659764368907712	0.20050475797875	-0.00593714747872765	0.0134862064733755	75	11	64	2	0
MIS18A	missense;lof;synonymous	0.01	0.456704381096687	0.891445304086529	0.322041703814785	0.0013966424945734	0.010233641665276	130	22	108	3	0
MIS18A	Cauchy	NA	0.358244240085487	0.829365223579932	0.250202233212507	NA	NA	NA	NA	NA	NA	NA
MRAP	missense;lof	0.01	0.4668423	0.4668423	0.4668423	-0.0126360225637723	0.017366085297733	47	6	41	1	0
MRAP	missense;lof;synonymous	0.01	0.721952598305751	0.587151779666877	0.759469632781725	-0.00677623556091153	0.0124799887933381	90	13	77	2	0
MRAP	Cauchy	NA	0.611837132281744	0.527987015737241	0.642035338539907	NA	NA	NA	NA	NA	NA	NA
URB1	lof	0.01	0.0338977563930833	0.0338977563930833	0.0338977563930833	0.0204538169191119	0.00964217865585564	113	30	83	1	0
URB1	missense;lof	0.01	0.0266240168579601	0.185747465471977	0.0135272066827266	-0.00597150179005435	0.00451270492914655	706	105	601	14	0
URB1	missense;lof;synonymous	0.01	0.188051832901192	0.224725106992452	0.102728881175443	-0.00409085258639116	0.00336956590260928	1339	207	1132	25	0
URB1	Cauchy	NA	0.0416913396394201	0.0777162408518178	0.0265661161614175	NA	NA	NA	NA	NA	NA	NA
EVA1C	missense;lof	0.01	0.766457459860234	0.978419612601232	0.647497166677585	-0.000306845633168857	0.0113435192119962	122	21	101	2	0
EVA1C	missense;lof;synonymous	0.01	1	0.888490943321215	0.91482428408196	0.000907205113736784	0.00647014834643567	355	63	292	6	0
EVA1C	Cauchy	NA	1	0.963705234227958	0.856965576986673	NA	NA	NA	NA	NA	NA	NA
C21orf59-TCP10L	missense;lof	0.01	0.761655	0.761655	0.761655	-0.00454344343231856	0.0149796262624552	67	10	57	1	0
C21orf59-TCP10L	missense;lof;synonymous	0.01	0.853607212228959	0.742980231886688	1	-0.00395795399987242	0.0120702701682738	98	15	83	2	0
C21orf59-TCP10L	Cauchy	NA	0.817380175531125	0.752595698546827	1	NA	NA	NA	NA	NA	NA	NA
TCP10L	missense;lof	0.01	0.761655000000001	0.761655000000001	0.761655000000001	-0.00454344343231856	0.0149796262624552	67	10	57	1	0
TCP10L	missense;lof;synonymous	0.01	0.761655000000001	0.761655000000001	0.761655000000001	-0.00454344343231856	0.0149796262624552	67	10	57	1	0
TCP10L	Cauchy	NA	0.761655000000001	0.761655000000001	0.761655000000001	NA	NA	NA	NA	NA	NA	NA
C21orf59	missense;lof;synonymous	0.01	0.375539457154298	0.27488366691093	0.336986621058427	-0.0122350955165819	0.0112054803449751	124	16	108	2	0
C21orf59	Cauchy	NA	0.375539457154298	0.27488366691093	0.336986621058427	NA	NA	NA	NA	NA	NA	NA
SYNJ1	lof	0.01	0.99223120000001	0.99223120000001	0.99223120000001	-0.00022561681090959	0.0231713167606904	23	4	19	1	0
SYNJ1	missense;lof	0.01	0.436790386079066	0.55011417203731	0.277094214539515	0.00305689180591228	0.0051153745259354	668	119	549	11	0
SYNJ1	missense;lof;synonymous	0.01	0.323832667056338	0.211480837815396	0.226813937558362	0.00552768462634078	0.00442390355542281	902	168	734	14	0
SYNJ1	Cauchy	NA	0.976257487673874	0.976079971583811	0.975540584567487	NA	NA	NA	NA	NA	NA	NA
PAXBP1	missense;lof;synonymous	0.01	0.1888101	0.1888101	0.1888101	0.0169666222758229	0.0129111392633362	93	21	72	1	0
PAXBP1	Cauchy	NA	0.1888101	0.1888101	0.1888101	NA	NA	NA	NA	NA	NA	NA
C21orf62	missense;lof	0.01	0.0947343941570721	0.0633918691740566	0.114250279687287	0.0244734786668233	0.013183066171878	73	18	55	2	0
C21orf62	missense;lof;synonymous	0.01	0.0947343941570721	0.0633918691740566	0.114250279687287	0.0244734786668233	0.013183066171878	73	18	55	2	0
C21orf62	Cauchy	NA	0.0947343941570722	0.0633918691740566	0.114250279687287	NA	NA	NA	NA	NA	NA	NA
OLIG2	missense;lof;synonymous	0.01	0.680882658052111	0.599468136996753	0.525692702170196	-0.00501588313585778	0.00955105202809415	159	24	135	3	0
OLIG2	Cauchy	NA	0.680882658052111	0.599468136996753	0.525692702170196	NA	NA	NA	NA	NA	NA	NA
OLIG1	missense;lof;synonymous	0.01	0.5175768	0.5175768	0.5175768	0.0109434654408163	0.0169119388818527	46	10	36	1	0
OLIG1	Cauchy	NA	0.5175768	0.5175768	0.5175768	NA	NA	NA	NA	NA	NA	NA
IFNAR2	missense;lof	0.01	0.663153118993565	0.926321773116024	0.529326247810029	0.00101710867059999	0.0109989097034019	123	21	102	2	0
IFNAR2	missense;lof;synonymous	0.01	0.663153118993565	0.926321773116024	0.529326247810029	0.00101710867059999	0.0109989097034019	123	21	102	2	0
IFNAR2	Cauchy	NA	0.663153118993565	0.926321773116024	0.529326247810029	NA	NA	NA	NA	NA	NA	NA
IL10RB	missense;lof	0.01	0.8537484	0.8537484	0.8537484	0.00323836226574611	0.0175675356864648	46	8	38	1	0
IL10RB	missense;lof;synonymous	0.01	0.8537484	0.8537484	0.8537484	0.00323836226574611	0.0175675356864648	46	8	38	1	0
IL10RB	Cauchy	NA	0.8537484	0.8537484	0.8537484	NA	NA	NA	NA	NA	NA	NA
IFNAR1	missense;lof	0.01	0.0955163459874372	0.0646705029613099	0.163772510247974	0.0223784205321758	0.0121126217871901	74	19	55	2	0
IFNAR1	missense;lof;synonymous	0.01	0.10486745151823	0.0714287455564995	0.0941624014050798	0.0139848630159006	0.00775755108141262	264	55	209	4	0
IFNAR1	Cauchy	NA	0.0999809329666723	0.0678843798936291	0.120025287682539	NA	NA	NA	NA	NA	NA	NA
IFNGR2	missense;lof;synonymous	0.01	0.5230292	0.5230292	0.5230292	0.00993051060815771	0.0155484195248657	60	12	48	1	0
IFNGR2	Cauchy	NA	0.5230292	0.5230292	0.5230292	NA	NA	NA	NA	NA	NA	NA
DNAJC28	missense;lof	0.01	0.218230444143192	0.153780423149535	0.329025035041811	-0.0181052150913032	0.0126937923812494	86	10	76	2	0
DNAJC28	missense;lof;synonymous	0.01	0.205285970457124	0.132543142387947	0.446131407213158	-0.0162499189020712	0.0108034008775353	117	14	103	3	0
DNAJC28	Cauchy	NA	0.211590423661331	0.142427466449337	0.383516544827054	NA	NA	NA	NA	NA	NA	NA
GART	missense;lof	0.01	0.0825188700000004	0.0825188700000004	0.0825188700000004	-0.0341753599644941	0.0196833832822817	35	2	33	1	0
GART	missense;lof;synonymous	0.01	0.417297684055968	0.393246189155902	0.307315113091844	-0.0102172451017737	0.0119675580203885	106	14	92	2	0
GART	Cauchy	NA	0.146432039746559	0.14387909511978	0.134113175014692	NA	NA	NA	NA	NA	NA	NA
SON	lof	0.01	0.7898218	0.7898218	0.7898218	0.00503174299893858	0.0188778600302423	37	7	30	1	0
SON	missense;lof	0.01	0.711207842015172	0.873234703933716	0.502472558635512	0.000837448426276792	0.00524877885327092	514	88	426	9	0
SON	missense;lof;synonymous	0.01	0.550050234078013	0.359901632839654	0.640225453877943	0.00417337556252741	0.00455831355831457	1061	194	867	18	0
SON	Cauchy	NA	0.703335230774198	0.759946782129632	0.669425979264416	NA	NA	NA	NA	NA	NA	NA
DONSON	missense;lof	0.01	1	0.880294256362106	1	0.00191262706479442	0.0127003670720941	95	16	79	2	0
DONSON	missense;lof;synonymous	0.01	1	0.806614739297142	0.770052525031358	0.00208550365696223	0.00851936913302766	209	36	173	4	0
DONSON	Cauchy	NA	1	0.851483391182727	1	NA	NA	NA	NA	NA	NA	NA
ITSN1	missense;lof;synonymous	0.01	0.287666968397285	0.219188136592536	0.190291428146902	0.0144425495882993	0.0117544312110063	89	20	69	3	0
ITSN1	Cauchy	NA	0.287666968397285	0.219188136592536	0.190291428146902	NA	NA	NA	NA	NA	NA	NA
ATP5O	missense;lof	0.01	0.3297154	0.3297154	0.3297154	-0.0134710302632198	0.0138208740546499	88	11	77	1	0
ATP5O	missense;lof;synonymous	0.01	0.311294325394902	0.222952522183823	0.449855653332766	-0.0131459162276985	0.0107867058254893	131	17	114	2	0
ATP5O	Cauchy	NA	0.320336226107881	0.268609773587498	0.385596758877633	NA	NA	NA	NA	NA	NA	NA
MRPS6	missense;lof	0.01	0.361623	0.361623	0.361623	-0.0163421351878285	0.0179135700607127	45	5	40	1	0
MRPS6	missense;lof;synonymous	0.01	0.361623	0.361623	0.361623	-0.0163421351878285	0.0179135700607127	45	5	40	1	0
MRPS6	Cauchy	NA	0.361623	0.361623	0.361623	NA	NA	NA	NA	NA	NA	NA
SLC5A3	missense;lof	0.01	0.2053229	0.2053229	0.2053229	0.0210410901669763	0.0166131612689507	53	12	41	1	0
SLC5A3	missense;lof;synonymous	0.01	0.333462412580086	0.240316923005911	0.320059422504963	0.016050455047751	0.0136693265316437	75	16	59	2	0
SLC5A3	Cauchy	NA	0.257669283261893	0.221675763766372	0.252937538826321	NA	NA	NA	NA	NA	NA	NA
RCAN1	missense;lof	0.01	0.891112583518057	0.743734264960135	0.997552042891809	0.00290497010922736	0.00888608554642028	181	32	149	4	0
RCAN1	missense;lof;synonymous	0.01	0.537098946667442	0.93636212024266	0.356803127845028	-0.000509888806552817	0.00638614246771446	329	55	274	7	0
RCAN1	Cauchy	NA	0.809118337119259	0.895909745104305	0.995086129396175	NA	NA	NA	NA	NA	NA	NA
CLIC6	missense;lof	0.01	0.707617218336322	0.993305893925599	0.550602533760929	-2.9883585113145e-05	0.00356184547908876	215	36	179	3	0
CLIC6	missense;lof;synonymous	0.01	0.477410424915461	0.317784128811764	0.490277054274306	-0.00639217411447617	0.00639843303376855	410	62	348	6	0
CLIC6	Cauchy	NA	0.606126751374686	0.986434043273135	0.520624687033743	NA	NA	NA	NA	NA	NA	NA
RUNX1	missense;lof;synonymous	0.01	0.502618666276127	0.356909305132701	0.416708570836018	-0.00935595182722622	0.0101554901706434	159	22	137	3	0
RUNX1	Cauchy	NA	0.502618666276127	0.356909305132701	0.416708570836018	NA	NA	NA	NA	NA	NA	NA
SETD4	missense;lof	0.01	0.472216952930291	0.331029616108919	0.589985230823518	0.0102501573384999	0.0105449728768429	115	24	91	3	0
SETD4	missense;lof;synonymous	0.01	0.777940050642332	0.580167542758569	0.843932795587453	0.00390654676948693	0.00706249179576513	286	53	233	6	0
SETD4	Cauchy	NA	0.660729148705109	0.447990743158538	0.762525240857069	NA	NA	NA	NA	NA	NA	NA
CBR1	missense;lof;synonymous	0.01	0.141031866691025	0.0967325411390729	0.291779670995662	0.0153713615767054	0.00925481119379574	268	59	209	4	0
CBR1	Cauchy	NA	0.141031866691025	0.0967325411390729	0.291779670995662	NA	NA	NA	NA	NA	NA	NA
CBR3	missense;lof	0.01	0.615982	0.615982	0.615982	-0.0117664402552598	0.0234600145433638	24	3	21	1	0
CBR3	missense;lof;synonymous	0.01	0.832486086942657	0.863333588982528	0.713536817004465	0.00248330639719039	0.014426738403789	60	11	49	2	0
CBR3	Cauchy	NA	0.757977778696689	0.789232812364068	0.669082611794044	NA	NA	NA	NA	NA	NA	NA
DOPEY2	missense;lof	0.01	0.721421150462759	0.530213265437558	0.867336198577805	-0.00431946431002391	0.00688162902173002	451	71	380	8	0
DOPEY2	missense;lof;synonymous	0.01	0.803251803872156	0.599447329405556	0.849042004296277	-0.00250885206622212	0.00477698745972692	1171	188	983	22	0
DOPEY2	Cauchy	NA	0.768082587152254	0.565614005309137	0.858739849282278	NA	NA	NA	NA	NA	NA	NA
MORC3	missense;lof	0.01	0.368436562911875	0.267305458955666	0.500060194806814	-0.0113717891409299	0.0102514200342256	148	20	128	2	0
MORC3	missense;lof;synonymous	0.01	0.50520221583016	0.3602751676252	0.755061873342587	-0.00717941942550616	0.00784772471645029	266	40	226	3	0
MORC3	Cauchy	NA	0.433771290676279	0.309229694205229	0.651696014354885	NA	NA	NA	NA	NA	NA	NA
CHAF1B	missense;lof	0.01	0.0713819944438204	0.0713819944438204	0.0713819944438204	0.0252384371888039	0.013997716451962	63	17	46	1	0
CHAF1B	missense;lof;synonymous	0.01	0.372364061913009	0.305593053071326	0.244827082157287	0.00909210786110705	0.00887456598848775	174	35	139	4	0
CHAF1B	Cauchy	NA	0.125473319108344	0.119295412377221	0.112575391062998	NA	NA	NA	NA	NA	NA	NA
CLDN14	missense;lof	0.01	0.1697277	0.1697277	0.1697277	-0.0198699288444511	0.0144710717411165	72	8	64	1	0
CLDN14	missense;lof;synonymous	0.01	0.505517314273205	0.51072221173859	0.345486687903753	-0.00630035984604086	0.00957918506490864	150	22	128	4	0
CLDN14	Cauchy	NA	0.277901134688444	0.279436509000094	0.233297318103624	NA	NA	NA	NA	NA	NA	NA
SIM2	missense;lof	0.01	0.531049975680875	0.365604216997511	0.799223075337479	0.00739748382597584	0.00817638257465838	208	40	168	4	0
SIM2	missense;lof;synonymous	0.01	0.341373240521986	0.214935620392037	0.772031072862018	0.00853260935818899	0.00688053985733457	364	71	293	8	0
SIM2	Cauchy	NA	0.430115217118176	0.275941566029812	0.786355758826357	NA	NA	NA	NA	NA	NA	NA
HLCS	missense;lof	0.01	0.175895439294118	0.361414330338392	0.109412055054835	0.00821082800611482	0.00899645796406481	236	45	191	4	0
HLCS	missense;lof;synonymous	0.01	0.359950592858971	0.608449731324929	0.237996389631587	0.00418681664280854	0.00817278519810253	349	63	286	6	0
HLCS	Cauchy	NA	0.242818202373135	0.482412471641217	0.1517579984304	NA	NA	NA	NA	NA	NA	NA
RIPPLY3	missense;lof	0.01	1	1	0.965171594679193	0.000134284936394138	Inf	176	29	147	3	0
RIPPLY3	missense;lof;synonymous	0.01	1	1	0.965171594679193	0.000134284936394138	Inf	176	29	147	3	0
RIPPLY3	Cauchy	NA	1	1	0.965171594679193	NA	NA	NA	NA	NA	NA	NA
PIGP	missense;lof	0.01	0.885547700000001	0.885547700000001	0.885547700000001	0.00205330940989776	0.0142650181734678	77	13	64	1	0
PIGP	missense;lof;synonymous	0.01	0.885547700000001	0.885547700000001	0.885547700000001	0.00205330940989776	0.0142650181734678	77	13	64	1	0
PIGP	Cauchy	NA	0.885547700000001	0.885547700000001	0.885547700000001	NA	NA	NA	NA	NA	NA	NA
TTC3	missense;lof	0.01	0.375331784123447	0.234636582310249	0.695690068363071	0.00810529345487117	0.00681976880948202	297	58	239	7	0
TTC3	missense;lof;synonymous	0.01	0.151520336525881	0.0887653843810656	0.313488433847907	0.00901792056417367	0.00529859204444451	693	136	557	14	0
TTC3	Cauchy	NA	0.224267216756768	0.130698614767898	0.506740664298272	NA	NA	NA	NA	NA	NA	NA
DSCR3	missense;lof	0.01	0.29603011183254	0.536457688256652	0.210941097329779	0.00611556503865739	0.00989287907904032	161	30	131	2	0
DSCR3	missense;lof;synonymous	0.01	0.294029832929637	0.211352135165985	0.201017401787599	0.00977855990535622	0.0078237488803022	265	52	213	3	0
DSCR3	Cauchy	NA	0.295027613395835	0.33235547575106	0.205876875390336	NA	NA	NA	NA	NA	NA	NA
DYRK1A	missense;lof	0.01	1	0.864797108418965	1	0.0018528246702851	0.0108816295039423	139	24	115	2	0
DYRK1A	missense;lof;synonymous	0.01	0.768118339471118	0.592106023943359	0.958701457400701	0.0042708656682841	0.00797120613704349	240	43	197	4	0
DYRK1A	Cauchy	NA	1	0.785763195412654	1	NA	NA	NA	NA	NA	NA	NA
KCNJ15	missense;lof	0.01	0.4846386	0.4846386	0.4846386	-0.0121232896257549	0.0173471995614922	46	6	40	1	0
KCNJ15	missense;lof;synonymous	0.01	0.380494270542674	0.277719781079292	0.543033499489408	-0.0146424963840579	0.0134897200764444	76	9	67	2	0
KCNJ15	Cauchy	NA	0.43070115066967	0.367032181376912	0.513953192690998	NA	NA	NA	NA	NA	NA	NA
ERG	missense;lof	0.01	0.0465713299999999	0.0465713299999999	0.0465713299999999	-0.0301993354837336	0.0151741881188349	64	5	59	1	0
ERG	missense;lof;synonymous	0.01	0.306689635264502	0.318380026092509	0.215112575494021	-0.00999971058601384	0.0100218345781709	176	24	152	3	0
ERG	Cauchy	NA	0.0831539642251462	0.0837217812697493	0.0776681265959258	NA	NA	NA	NA	NA	NA	NA
ETS2	missense;lof	0.01	0.4562239	0.4562239	0.4562239	0.0131400337808396	0.0176357566523795	45	9	36	1	0
ETS2	missense;lof;synonymous	0.01	0.490089559712771	0.828839377982609	0.333974642028026	0.00218074088890713	0.0100871335094585	124	22	102	4	0
ETS2	Cauchy	NA	0.47308044376997	0.708720464131551	0.390984087403347	NA	NA	NA	NA	NA	NA	NA
PSMG1	missense;lof	0.01	0.7226577	0.7226577	0.7226577	-0.00443289679799238	0.012490231864325	115	18	97	1	0
PSMG1	missense;lof;synonymous	0.01	0.7226577	0.7226577	0.7226577	-0.00443289679799238	0.012490231864325	115	18	97	1	0
PSMG1	Cauchy	NA	0.7226577	0.7226577	0.7226577	NA	NA	NA	NA	NA	NA	NA
BRWD1	missense;lof	0.01	0.370799761920942	0.790311971992136	0.229532086755198	-0.00160100263767795	0.00602094542415443	400	64	336	8	0
BRWD1	missense;lof;synonymous	0.01	0.268918568239056	0.177835271075932	0.204225255352557	-0.00670897510854304	0.00497901513389083	855	126	729	17	0
BRWD1	Cauchy	NA	0.314591283659869	0.451379945561038	0.216257713373107	NA	NA	NA	NA	NA	NA	NA
HMGN1	missense;lof	0.01	0.779840385828495	0.807541541971155	0.652237427937148	0.00333564344489723	0.0136931838977287	73	13	60	2	0
HMGN1	missense;lof;synonymous	0.01	0.779840385828495	0.807541541971155	0.652237427937148	0.00333564344489723	0.0136931838977287	73	13	60	2	0
HMGN1	Cauchy	NA	0.779840385828495	0.807541541971155	0.652237427937148	NA	NA	NA	NA	NA	NA	NA
WRB	missense;lof;synonymous	0.01	0.311383897922822	0.244795197022255	0.223523147622434	-0.0178584025599338	0.0153543458641363	57	6	51	2	0
WRB	Cauchy	NA	0.311383897922822	0.244795197022255	0.223523147622434	NA	NA	NA	NA	NA	NA	NA
WRB-SH3BGR	missense;lof	0.01	0.748461792355468	0.829839512713101	0.629989299205455	-0.0021929149782622	0.0102039992298114	264	43	221	3	0
WRB-SH3BGR	missense;lof;synonymous	0.01	0.651770323728339	0.506830832152683	0.513177508104817	-0.00614654535536932	0.00925990700887438	298	45	253	4	0
WRB-SH3BGR	Cauchy	NA	0.705537731238243	0.725208340239315	0.574090958906227	NA	NA	NA	NA	NA	NA	NA
LCA5L	lof	0.01	0.826458500000001	0.826458500000001	0.826458500000001	0.00531416410865923	0.0242383736379734	22	4	18	1	0
LCA5L	missense;lof	0.01	0.689625566464924	0.502362701387999	0.897542953114415	0.00425833533997679	0.00634836366469171	401	73	328	5	0
LCA5L	missense;lof;synonymous	0.01	0.616186792064895	0.4320241404354	0.590605810599887	-0.00480210400509406	0.00611162601460762	688	106	582	9	0
LCA5L	Cauchy	NA	0.733776131045	0.642391865586234	0.826281168045135	NA	NA	NA	NA	NA	NA	NA
SH3BGR	missense;lof	0.01	0.521496527501692	0.370090730948922	0.56756519363588	-0.00724559272387298	0.00808386148100728	360	53	307	5	0
SH3BGR	missense;lof;synonymous	0.01	0.295381435503018	0.928011175518672	0.194408128238602	-0.000658070273812008	0.00728377869797531	386	64	322	6	0
SH3BGR	Cauchy	NA	0.395490329841676	0.849618288405401	0.326463766923617	NA	NA	NA	NA	NA	NA	NA
B3GALT5	missense;lof;synonymous	0.01	0.436603556759018	0.293536760226197	0.577596205790963	-0.0084051657826448	0.00800191314298963	225	33	192	4	0
B3GALT5	Cauchy	NA	0.436603556759018	0.293536760226197	0.577596205790963	NA	NA	NA	NA	NA	NA	NA
IGSF5	missense;lof	0.01	0.55810860002105	0.382756481980974	0.716955122413656	-0.00753481164982174	0.0086326355857833	248	35	213	7	0
IGSF5	missense;lof;synonymous	0.01	0.55810860002105	0.382756481980974	0.716955122413656	-0.00753481164982174	0.0086326355857833	248	35	213	7	0
IGSF5	Cauchy	NA	0.55810860002105	0.382756481980974	0.716955122413656	NA	NA	NA	NA	NA	NA	NA
DSCAM	missense;lof	0.01	0.318855868352368	0.318855868352368	0.318855868352368	0.0196793816490656	0.0197423240789335	23	6	17	1	0
DSCAM	missense;lof;synonymous	0.01	0.835288950110377	0.966528449658607	0.635571350841381	-0.000189132534254006	0.00450716060810905	946	156	790	13	0
DSCAM	Cauchy	NA	0.662156165401892	0.929138636861716	0.470483205255469	NA	NA	NA	NA	NA	NA	NA
BACE2	missense;lof	0.01	0.8331108	0.8331108	0.8331108	0.00300387858741834	0.0142557447114782	85	14	71	1	0
BACE2	missense;lof;synonymous	0.01	0.490134732998457	0.347856289009506	0.622954799612473	-0.00721683670679307	0.00768766380125855	311	44	267	3	0
BACE2	Cauchy	NA	0.724086138304435	0.673330633560647	0.760460194566969	NA	NA	NA	NA	NA	NA	NA
PLAC4	lof	0.01	0.628833395086796	0.494629402096483	0.627710893850704	0.00937435828107293	0.0137259858189928	72	14	58	2	0
PLAC4	missense;lof	0.01	0.746788492059022	0.556970421565539	0.715775210761959	0.00482749350965554	0.0082191452907186	203	37	166	5	0
PLAC4	missense;lof;synonymous	0.01	0.746788492059022	0.556970421565539	0.715775210761959	0.00482749350965554	0.0082191452907186	203	37	166	5	0
PLAC4	Cauchy	NA	0.714027339191609	0.536440680962687	0.689690878038842	NA	NA	NA	NA	NA	NA	NA
FAM3B	missense;lof	0.01	0.7085331	0.7085331	0.7085331	-0.00514049910877212	0.0137510142260763	84	13	71	1	0
FAM3B	missense;lof;synonymous	0.01	0.0677929047340651	0.650552078957485	0.0403839851853924	0.00357103087776985	0.00788315102601301	255	46	209	4	0
FAM3B	Cauchy	NA	0.15230978528205	0.68122215419142	0.0877356519742833	NA	NA	NA	NA	NA	NA	NA
MX2	missense;lof	0.01	0.883542967999292	0.728911251904548	0.807877912566816	-0.00257367712240938	0.00742604996453392	265	43	222	4	0
MX2	missense;lof;synonymous	0.01	1	0.889609006004897	0.829767900156914	-0.000803029452618108	0.0057855576200338	479	80	399	11	0
MX2	Cauchy	NA	1	0.840166413880903	0.819411568135448	NA	NA	NA	NA	NA	NA	NA
MX1	lof	0.01	0.972875000000002	0.972875000000002	0.972875000000002	0.000584932282621201	0.0172025260677676	48	8	40	1	0
MX1	missense;lof	0.01	0.152567445199424	0.845591216819864	0.0918940384680991	0.00138500177346083	0.00711180968818919	294	50	244	5	0
MX1	missense;lof;synonymous	0.01	0.327231375074007	0.844984394620643	0.201630935443216	0.0011745503324772	0.00600725714671505	405	69	336	7	0
MX1	Cauchy	NA	0.899451731070771	0.939113964834628	0.870751506808836	NA	NA	NA	NA	NA	NA	NA
TMPRSS2	missense;lof	0.01	0.559074625142911	0.72771809364039	0.395194409222633	0.00264831181105175	0.0076065379055911	265	47	218	4	0
TMPRSS2	missense;lof;synonymous	0.01	0.644231128618018	0.980673645466257	0.459049568878675	-0.000156930451648245	0.00647820773267084	340	57	283	7	0
TMPRSS2	Cauchy	NA	0.603558854288119	0.9634035684192	0.426370660476644	NA	NA	NA	NA	NA	NA	NA
RIPK4	missense;lof	0.01	0.590028290326076	0.430870857103068	0.882969126663181	0.00877251491343726	0.0111368404786129	106	21	85	3	0
RIPK4	missense;lof;synonymous	0.01	0.475912243778789	0.312263713859807	0.954053896833402	0.00657973209843103	0.0065114692891991	358	67	291	6	0
RIPK4	Cauchy	NA	0.534056653780211	0.366739570102816	0.933788867575981	NA	NA	NA	NA	NA	NA	NA
PRDM15	lof	0.01	0.131067078001688	0.176264237457769	0.0905746660639442	0.01531744011503	0.0113265579302695	119	25	94	2	0
PRDM15	missense;lof	0.01	0.875886486484411	0.726670893628666	0.686292855554521	0.00169110101498214	0.00483783511195866	622	109	513	11	0
PRDM15	missense;lof;synonymous	0.01	0.843287982739907	0.634681534431543	0.83937834760326	0.00189444632550878	0.00398706631688216	1158	202	956	22	0
PRDM15	Cauchy	NA	0.687749623655554	0.467866540863823	0.402800958297539	NA	NA	NA	NA	NA	NA	NA
C2CD2	missense;lof	0.01	0.3651733	0.3651733	0.3651733	-0.0138375272530297	0.0152807737127644	64	8	56	1	0
C2CD2	missense;lof;synonymous	0.01	0.405015448800459	0.909168219926221	0.276423296617928	-0.0011781899786634	0.0103270492198887	124	20	104	3	0
C2CD2	Cauchy	NA	0.384622462120525	0.810750478244462	0.316843177254517	NA	NA	NA	NA	NA	NA	NA
ZBTB21	missense;lof	0.01	0.0725480824493976	0.405955953710955	0.0493841170266369	0.00976124946311956	0.0117459469818987	105	21	84	2	0
ZBTB21	missense;lof;synonymous	0.01	0.118154775453286	0.154055652509119	0.0682616421273334	0.0104146068495696	0.00730669428996397	311	64	247	7	0
ZBTB21	Cauchy	NA	0.0900444407498473	0.234375507455402	0.0573247418098151	NA	NA	NA	NA	NA	NA	NA
UMODL1	missense;lof	0.01	0.326017198343507	0.542940022187393	0.188450109855876	0.00201338118883864	0.00330945115461216	1309	230	1079	24	0
UMODL1	missense;lof;synonymous	0.01	0.535615056835951	0.662354989685067	0.336183093195642	0.001373482816779	0.00314539919628182	1604	278	1326	30	0
UMODL1	Cauchy	NA	0.422611859001623	0.606479165007492	0.245880210937549	NA	NA	NA	NA	NA	NA	NA
ABCG1	missense;lof	0.01	0.731074701558039	0.810574529813904	0.596829530245928	0.00384565330305607	0.0160446196419748	49	9	40	2	0
ABCG1	missense;lof;synonymous	0.01	1	0.777779729721424	0.953404213890302	0.00204590788764964	0.00724950136491743	257	45	212	7	0
ABCG1	Cauchy	NA	1	0.795298099281362	0.912557599481018	NA	NA	NA	NA	NA	NA	NA
TFF3	missense;lof	0.01	0.5036838	0.5036838	0.5036838	-0.0110301680393229	0.0164948238897786	51	7	44	1	0
TFF3	missense;lof;synonymous	0.01	0.5036838	0.5036838	0.5036838	-0.0110301680393229	0.0164948238897786	51	7	44	1	0
TFF3	Cauchy	NA	0.5036838	0.5036838	0.5036838	NA	NA	NA	NA	NA	NA	NA
TFF1	missense;lof	0.01	0.838435249242139	0.951630218178611	0.717429439164242	0.000970369143370971	0.0159969297641115	55	9	46	2	0
TFF1	missense;lof;synonymous	0.01	0.838435249242139	0.951630218178611	0.717429439164242	0.000970369143370971	0.0159969297641115	55	9	46	2	0
TFF1	Cauchy	NA	0.838435249242139	0.951630218178611	0.717429439164242	NA	NA	NA	NA	NA	NA	NA
TMPRSS3	lof	0.01	0.922485500000001	0.922485500000001	0.922485500000001	-0.00157098264041453	0.0161452070005787	55	9	46	1	0
TMPRSS3	missense;lof	0.01	1	0.844672604905821	0.994696073462148	0.00154663255152992	0.00789419536767945	255	44	211	4	0
TMPRSS3	missense;lof;synonymous	0.01	0.392201673998982	0.245430644904934	0.715252581053793	-0.00612436824273833	0.00527272039475189	569	85	484	8	0
TMPRSS3	Cauchy	NA	1	0.82454293752078	0.985282081227144	NA	NA	NA	NA	NA	NA	NA
UBASH3A	missense;lof	0.01	1	0.79353892498135	0.93836334898817	-0.00198316100413261	0.00757747507595526	252	41	211	5	0
UBASH3A	missense;lof;synonymous	0.01	0.650579780122122	0.455411034032196	0.644884131892824	0.00438565490998886	0.00587555072065609	467	85	382	8	0
UBASH3A	Cauchy	NA	1	0.66945931921559	0.890614270229045	NA	NA	NA	NA	NA	NA	NA
RSPH1	missense;lof	0.01	0.825439164449696	0.653029481584105	0.93825620656511	-0.0029869503281988	0.00664419968978125	371	60	311	4	0
RSPH1	missense;lof;synonymous	0.01	0.845134314700384	0.662043945049268	0.955592468629301	-0.00253803494261239	0.00580662530413534	499	81	418	7	0
RSPH1	Cauchy	NA	0.8358223177938	0.657571163848395	0.948327526814924	NA	NA	NA	NA	NA	NA	NA
SLC37A1	missense;lof	0.01	0.562828660326051	0.555461896897682	0.405777298425297	-0.00602844093894962	0.0102247072087958	139	21	118	3	0
SLC37A1	missense;lof;synonymous	0.01	0.803341603463689	0.876839997363756	0.61714146468476	0.00115665179085837	0.00746341055097326	300	52	248	6	0
SLC37A1	Cauchy	NA	0.715474223610466	0.79306340554263	0.512822115075853	NA	NA	NA	NA	NA	NA	NA
PDE9A	missense;lof	0.01	0.3362507	0.3362507	0.3362507	0.0120776211324701	0.0125599254824906	106	22	84	1	0
PDE9A	missense;lof;synonymous	0.01	0.581840453761477	0.828256416191952	0.418382603602334	0.00177463672081591	0.00818037471640796	225	40	185	4	0
PDE9A	Cauchy	NA	0.452254316275229	0.660642029845016	0.375143135268357	NA	NA	NA	NA	NA	NA	NA
WDR4	missense;lof	0.01	0.793903736309481	0.809797609694286	0.647008661667329	-0.00223752073036011	0.00929638685721974	175	29	146	3	0
WDR4	missense;lof;synonymous	0.01	0.348038006201776	0.259906138769965	0.221456120505415	0.00764890117632376	0.00678928891449482	333	64	269	6	0
WDR4	Cauchy	NA	0.62181137538669	0.582431107489899	0.392854168561529	NA	NA	NA	NA	NA	NA	NA
NDUFV3	lof	0.01	0.3765923	0.3765923	0.3765923	-0.0135912601863189	0.0153713812395184	63	8	55	1	0
NDUFV3	missense;lof	0.01	0.185549415273858	0.119747461673268	0.388313157594836	-0.0152685743972492	0.00981375255310466	148	18	130	3	0
NDUFV3	missense;lof;synonymous	0.01	0.227871130951151	0.142468167404127	0.526038343696693	-0.0127006355618749	0.00865955489049956	185	24	161	4	0
NDUFV3	Cauchy	NA	0.246086203077913	0.171377846273623	0.427798376247178	NA	NA	NA	NA	NA	NA	NA
PKNOX1	missense;lof	0.01	0.8088403	0.8088403	0.8088403	0.00453602374010934	0.0187499128308249	39	7	32	1	0
PKNOX1	missense;lof;synonymous	0.01	0.8088403	0.8088403	0.8088403	0.00453602374010934	0.0187499128308249	39	7	32	1	0
PKNOX1	Cauchy	NA	0.8088403	0.8088403	0.8088403	NA	NA	NA	NA	NA	NA	NA
HSF2BP	lof	0.01	0.3629402	0.3629402	0.3629402	-0.0222168016805701	0.0244200557712955	22	2	20	1	0
HSF2BP	missense;lof	0.01	0.606863277068019	0.960393130965039	0.473894800590628	0.000736150266605806	0.014823731736463	55	9	46	2	0
HSF2BP	missense;lof;synonymous	0.01	0.825642862469214	0.908161037934029	0.670105132661837	-0.00147625890617039	0.0127971495707509	81	13	68	3	0
HSF2BP	Cauchy	NA	0.65002497890453	0.914546825026886	0.505338344460741	NA	NA	NA	NA	NA	NA	NA
RRP1B	missense;lof	0.01	0.3405762	0.3405762	0.3405762	-0.0202299865698786	0.0212270781166253	28	3	25	1	0
RRP1B	missense;lof;synonymous	0.01	0.120513903463552	0.54783372401123	0.0703794542377956	0.00605418529928784	0.0100733620429821	126	24	102	5	0
RRP1B	Cauchy	NA	0.184209654187875	0.437781838622408	0.121201879442764	NA	NA	NA	NA	NA	NA	NA
PDXK	missense;lof	0.01	0.519036183059493	0.519036183059493	0.519036183059493	0.00286010767346092	0.00443543202019711	30	11	19	1	0
PDXK	missense;lof;synonymous	0.01	0.113734324110614	0.183592526308252	0.0798177155508494	0.0144999541953032	0.0109040686350386	131	27	104	2	0
PDXK	Cauchy	NA	0.207612370708322	0.297497418960286	0.152703720807775	NA	NA	NA	NA	NA	NA	NA
CSTB	missense;lof;synonymous	0.01	0.9650362	0.9650362	0.9650362	0.000931708136943218	0.0212550562763194	27	5	22	1	0
CSTB	Cauchy	NA	0.9650362	0.9650362	0.9650362	NA	NA	NA	NA	NA	NA	NA
RRP1	lof	0.01	0.3519672	0.3519672	0.3519672	0.0180792888074842	0.0194237974069765	34	8	26	1	0
RRP1	missense;lof	0.01	0.646294086688104	0.487647251381142	0.486672917884193	-0.00605170194529168	0.00871933126549595	202	30	172	3	0
RRP1	missense;lof;synonymous	0.01	0.658460360323989	0.809947020235154	0.472457145564876	0.00160122071880715	0.00665803801600774	362	62	300	5	0
RRP1	Cauchy	NA	0.556344752577342	0.595718343597335	0.434071390297201	NA	NA	NA	NA	NA	NA	NA
AGPAT3	missense;lof	0.01	0.8568004	0.8568004	0.8568004	0.00437850691777911	0.0242645651971087	20	4	16	1	0
AGPAT3	missense;lof;synonymous	0.01	1	0.971567208843178	0.940228206179459	-0.000340558272083996	0.0095547659397964	243	41	202	4	0
AGPAT3	Cauchy	NA	1	0.952264227259958	0.915251159029707	NA	NA	NA	NA	NA	NA	NA
TRAPPC10	missense;lof	0.01	0.716925457957157	0.657724399850602	0.55655775296246	0.00454129583317375	0.0102499098804813	137	25	112	3	0
TRAPPC10	missense;lof;synonymous	0.01	0.666378468078452	0.47798438844936	0.7945714762537	0.00499372335121661	0.0070378922382806	318	59	259	5	0
TRAPPC10	Cauchy	NA	0.693036794778361	0.573651706304632	0.705617912445619	NA	NA	NA	NA	NA	NA	NA
DNMT3L	missense;lof	0.01	0.0527874246911214	0.0429339789975984	0.0437442759019314	0.0202879230735707	0.010021936012793	93	24	69	4	0
DNMT3L	missense;lof;synonymous	0.01	0.0991350288826154	0.182438867798744	0.0597325488319719	0.0120703418645716	0.00905309644410413	167	34	133	5	0
DNMT3L	Cauchy	NA	0.0690027465090421	0.0702217070509938	0.0505136209457464	NA	NA	NA	NA	NA	NA	NA
AIRE	missense;lof	0.01	1	0.777195238909652	0.808132977323197	-0.00285358176957019	0.0100841832026215	131	21	110	4	0
AIRE	missense;lof;synonymous	0.01	0.641735400398108	0.794493801774222	0.43588565709811	0.00134229132556872	0.00515315214236664	521	90	431	11	0
AIRE	Cauchy	NA	1	0.786139622215401	0.677677045560298	NA	NA	NA	NA	NA	NA	NA
PFKL	lof	0.01	0.7328101	0.7328101	0.7328101	0.00851302861301581	0.0249363831708824	20	4	16	1	0
PFKL	missense;lof	0.01	0.7328101	0.7328101	0.7328101	0.00851302861301581	0.0249363831708824	20	4	16	1	0
PFKL	missense;lof;synonymous	0.01	0.762107309075893	0.582978618937697	0.903173492935247	-0.00643415086473342	0.0117189302092021	94	14	80	4	0
PFKL	Cauchy	NA	0.743172270488597	0.691650544067289	0.8274231386534	NA	NA	NA	NA	NA	NA	NA
C21orf2	missense;lof	0.01	0.138319576538876	0.0841466644949665	0.472749035715511	-0.0122258240306392	0.00707874711456434	327	44	283	4	0
C21orf2	missense;lof;synonymous	0.01	0.522904444987106	0.361826248909008	0.672332032459747	-0.00596221856715839	0.00653830383171954	651	98	553	8	0
C21orf2	Cauchy	NA	0.243570043981948	0.142713470889233	0.58029800253185	NA	NA	NA	NA	NA	NA	NA
TRPM2	missense;lof	0.01	1	0.910465085437558	0.86225027229458	-0.000420580517778286	0.00374009172621683	1161	191	970	20	0
TRPM2	missense;lof;synonymous	0.01	0.89095681348413	0.887315591970972	0.70532976160798	-0.000528180599310207	0.00372741053926134	1720	282	1438	34	0
TRPM2	Cauchy	NA	1	0.900171637543645	0.80869646060595	NA	NA	NA	NA	NA	NA	NA
LRRC3	missense;lof;synonymous	0.01	0.975319100000002	0.975319100000002	0.975319100000002	0.000720403966813759	0.0232855171770752	24	4	20	1	0
LRRC3	Cauchy	NA	0.975319100000002	0.975319100000002	0.975319100000002	NA	NA	NA	NA	NA	NA	NA
TSPEAR	missense;lof	0.01	0.312280270210402	0.542641304813128	0.194490537495731	-0.0044121652142396	0.00724703265931976	277	42	235	6	0
TSPEAR	missense;lof;synonymous	0.01	0.333780767279391	0.268796213594012	0.207913708137643	-0.00690668826832376	0.00624565447759194	404	59	345	8	0
TSPEAR	Cauchy	NA	0.322804757544293	0.385298621895347	0.201008826834199	NA	NA	NA	NA	NA	NA	NA
KRTAP10-3	lof	0.01	0.4822032	0.4822032	0.4822032	-0.0141530836536633	0.0201391867324091	33	4	29	1	0
KRTAP10-3	missense;lof	0.01	0.438545729040556	0.288169847118629	0.890459714222864	-0.00727917972043315	0.00685328224211783	327	47	280	5	0
KRTAP10-3	missense;lof;synonymous	0.01	0.403333181026162	0.261420158826312	0.882772757192349	-0.0080094246290661	0.00713190873839312	360	51	309	6	0
KRTAP10-3	Cauchy	NA	0.44076112584405	0.330204069790218	0.836706857184609	NA	NA	NA	NA	NA	NA	NA
KRTAP10-8	missense;lof;synonymous	0.01	0.698489	0.698489	0.698489	0.00539364381007314	0.0139240768637277	79	15	64	1	0
KRTAP10-8	Cauchy	NA	0.698489	0.698489	0.698489	NA	NA	NA	NA	NA	NA	NA
KRTAP10-10	missense;lof	0.01	0.712877648013177	0.742327061873254	0.577968862257215	0.00303311217968451	0.00922554348869182	199	35	164	2	0
KRTAP10-10	missense;lof;synonymous	0.01	0.712877648013177	0.742327061873254	0.577968862257215	0.00303311217968451	0.00922554348869182	199	35	164	2	0
KRTAP10-10	Cauchy	NA	0.712877648013177	0.742327061873254	0.577968862257215	NA	NA	NA	NA	NA	NA	NA
KRTAP10-11	missense;lof	0.01	1	0.785643702307222	0.872356277379414	0.00261703226642646	0.00962243976095144	151	27	124	3	0
KRTAP10-11	missense;lof;synonymous	0.01	0.616628939132623	0.441173225525691	0.76587685233725	0.00639660864853863	0.00830498063967203	200	38	162	4	0
KRTAP10-11	Cauchy	NA	1	0.655931056755543	0.833317333808004	NA	NA	NA	NA	NA	NA	NA
KRTAP12-4	lof	0.01	0.7159393	0.7159393	0.7159393	0.00640142272263695	0.0175915871398399	43	8	35	1	0
KRTAP12-4	missense;lof	0.01	0.7159393	0.7159393	0.7159393	0.00640142272263695	0.0175915871398399	43	8	35	1	0
KRTAP12-4	missense;lof;synonymous	0.01	0.7159393	0.7159393	0.7159393	0.00640142272263695	0.0175915871398399	43	8	35	1	0
KRTAP12-4	Cauchy	NA	0.7159393	0.7159393	0.7159393	NA	NA	NA	NA	NA	NA	NA
KRTAP12-3	missense;lof	0.01	0.4576908	0.4576908	0.4576908	0.0132965316966727	0.0179040579834957	41	9	32	1	0
KRTAP12-3	missense;lof;synonymous	0.01	0.4576908	0.4576908	0.4576908	0.0132965316966727	0.0179040579834957	41	9	32	1	0
KRTAP12-3	Cauchy	NA	0.4576908	0.4576908	0.4576908	NA	NA	NA	NA	NA	NA	NA
KRTAP10-12	missense;lof;synonymous	0.01	0.529613864048399	0.405234382149918	0.650863014020823	0.00941121549781718	0.0113073535156758	122	24	98	2	0
KRTAP10-12	Cauchy	NA	0.529613864048399	0.405234382149918	0.650863014020823	NA	NA	NA	NA	NA	NA	NA
SUMO3	missense;lof	0.01	0.304675	0.304675	0.304675	0.0173270772656944	0.0168804279912015	49	11	38	1	0
SUMO3	missense;lof;synonymous	0.01	0.696395905621872	0.69132141181154	0.560784541481383	0.00452478367935972	0.0113956475095739	110	20	90	2	0
SUMO3	Cauchy	NA	0.500802990965069	0.497031360449843	0.42037194514217	NA	NA	NA	NA	NA	NA	NA
PTTG1IP	missense;lof	0.01	0.736855032324545	0.996763363741848	0.604485247130732	-2.06204403330956e-05	0.00508326686835129	185	30	155	2	0
PTTG1IP	missense;lof;synonymous	0.01	0.852687020074163	0.743792942457359	0.704959165953927	-0.00269356611779787	0.00824137229802039	242	38	204	3	0
PTTG1IP	Cauchy	NA	0.809090478950599	0.993590065429438	0.658981633104474	NA	NA	NA	NA	NA	NA	NA
ITGB2	missense;lof	0.01	0.231342510187094	0.182429427721608	0.142592044660287	0.00969933811838113	0.00727461982314971	261	52	209	6	0
ITGB2	missense;lof;synonymous	0.01	0.0214270302641267	0.0316725033858509	0.0164466226529355	0.0114842913581347	0.0053452114260668	623	127	496	13	0
ITGB2	Cauchy	NA	0.0396871102647356	0.0545018428151384	0.0296378540866598	NA	NA	NA	NA	NA	NA	NA
FAM207A	missense;lof	0.01	0.435611909855841	0.330041746168355	0.530316621567391	-0.0143783190657948	0.0147616830169894	97	12	85	3	0
FAM207A	missense;lof;synonymous	0.01	0.468531611009645	0.332900214017712	0.698400269856335	-0.0117730442689317	0.0121586097705057	128	17	111	4	0
FAM207A	Cauchy	NA	0.451942395319927	0.33146722474503	0.623092923769985	NA	NA	NA	NA	NA	NA	NA
ADARB1	missense;lof;synonymous	0.01	0.451396717335266	0.561290976435302	0.336271144142104	0.00512933127746384	0.00882959235488446	226	41	185	2	0
ADARB1	Cauchy	NA	0.451396717335266	0.561290976435302	0.336271144142104	NA	NA	NA	NA	NA	NA	NA
POFUT2	missense;lof	0.01	0.0347953566386556	0.0247006760213411	0.0350925711819022	0.0169269482657202	0.00753631176307072	405	90	315	6	0
POFUT2	missense;lof;synonymous	0.01	0.00341926641187851	0.00221132250837319	0.0116929162048995	0.0208120245235306	0.00680069923285059	590	138	452	10	0
POFUT2	Cauchy	NA	0.0062282977019632	0.00405975194778652	0.0175470323455575	NA	NA	NA	NA	NA	NA	NA
COL18A1	lof	0.01	0.757753426280733	0.625110384821455	0.644340314916223	-0.00732607208361079	0.0149933779464129	58	8	50	2	0
COL18A1	missense;lof	0.01	0.814746771851274	0.97035395769982	0.600842713041594	0.000160889088341587	0.00432912338352168	867	145	722	19	0
COL18A1	missense;lof;synonymous	0.01	0.82620841387564	0.751368374208162	0.608547181793098	0.000972219718473402	0.0030685308622603	2032	347	1685	39	0
COL18A1	Cauchy	NA	0.803122897975793	0.922819180277294	0.618370226727929	NA	NA	NA	NA	NA	NA	NA
SLC19A1	missense;lof	0.01	0.878861432216103	0.723509416933516	0.92043282222263	-0.00266993922930632	0.00754705229657475	266	43	223	4	0
SLC19A1	missense;lof;synonymous	0.01	0.413223457718252	0.262201156043809	0.898211466403889	-0.00699186932840443	0.00623603828185983	369	55	314	7	0
SLC19A1	Cauchy	NA	0.766577627256285	0.487255495631782	0.910647567370928	NA	NA	NA	NA	NA	NA	NA
PCBP3	missense;lof	0.01	0.1753144	0.1753144	0.1753144	-0.0293526833125036	0.0216573207548439	28	2	26	1	0
PCBP3	missense;lof;synonymous	0.01	0.1753144	0.1753144	0.1753144	-0.0293526833125036	0.0216573207548439	28	2	26	1	0
PCBP3	Cauchy	NA	0.1753144	0.1753144	0.1753144	NA	NA	NA	NA	NA	NA	NA
COL6A1	missense;lof	0.01	0.8975608453687	0.749966752863737	0.977141049009703	-0.00276976418710773	0.00869127760121215	184	29	155	4	0
COL6A1	missense;lof;synonymous	0.01	0.548897005855885	0.356744680770397	0.861835155056056	-0.0042223142394363	0.00458157487907813	795	122	673	13	0
COL6A1	Cauchy	NA	0.820119801219617	0.580471920302266	0.960558851341642	NA	NA	NA	NA	NA	NA	NA
COL6A2	missense;lof	0.01	0.447083490632828	0.424340830242549	0.292387922859096	0.00420772508337913	0.00526681229315746	822	149	673	11	0
COL6A2	missense;lof;synonymous	0.01	0.865091614405264	0.933271038441879	0.669509900487866	-0.000304489687090046	0.00363656259036712	1709	286	1423	24	0
COL6A2	Cauchy	NA	0.753825864255104	0.865759455349428	0.472311647651509	NA	NA	NA	NA	NA	NA	NA
FTCD	lof	0.01	0.1775086	0.1775086	0.1775086	0.0210007794353062	0.0155738312472306	58	14	44	1	0
FTCD	missense;lof	0.01	0.515247873103843	0.358552911599434	0.444892539184343	0.00768921473624931	0.00837490154023307	210	41	169	4	0
FTCD	missense;lof;synonymous	0.01	0.789515581994084	0.582587591780886	0.848151030678596	0.00312166807042792	0.00567979805768125	445	80	365	10	0
FTCD	Cauchy	NA	0.471401536397571	0.326886083551885	0.516592146583201	NA	NA	NA	NA	NA	NA	NA
FTCD-AS1	missense;lof	0.01	0.8284569	0.8284569	0.8284569	0.00382856346548381	0.017669118173371	47	8	39	1	0
FTCD-AS1	missense;lof;synonymous	0.01	0.8284569	0.8284569	0.8284569	0.00382856346548381	0.017669118173371	47	8	39	1	0
FTCD-AS1	Cauchy	NA	0.8284569	0.8284569	0.8284569	NA	NA	NA	NA	NA	NA	NA
SPATC1L	missense;lof	0.01	0.748706417140287	0.652867923043625	0.850348594438117	0.00555431897386108	0.012348924266432	194	36	158	3	0
SPATC1L	missense;lof;synonymous	0.01	0.536924304418306	0.377801058197385	0.529740070762148	0.00790061858088465	0.00895807289814441	282	55	227	6	0
SPATC1L	Cauchy	NA	0.661088122164021	0.518597692680889	0.754830297798568	NA	NA	NA	NA	NA	NA	NA
LSS	missense;lof	0.01	0.8283982873243	0.680175727512441	0.87482807522802	-0.00352390429040909	0.00854853159381126	230	36	194	3	0
LSS	missense;lof;synonymous	0.01	1	0.809160195972965	0.934920484836545	0.00150915648608951	0.00624884741462078	503	86	417	7	0
LSS	Cauchy	NA	1	0.75765086030408	0.914132738730913	NA	NA	NA	NA	NA	NA	NA
MCM3AP	missense;lof	0.01	0.536998052710428	0.353314114078016	0.925321216700239	-0.00583289375937741	0.0062842257237307	372	56	316	8	0
MCM3AP	missense;lof;synonymous	0.01	0.776450659888587	0.625799998360035	0.571675303588278	0.00257329926991413	0.00527697291965667	709	126	583	14	0
MCM3AP	Cauchy	NA	0.683294884028554	0.48738268795216	0.864552431285162	NA	NA	NA	NA	NA	NA	NA
YBEY	missense;lof	0.01	0.763344435755054	0.60224451965989	0.978603352268849	-0.00512014388547079	0.00982422213700049	148	23	125	3	0
YBEY	missense;lof;synonymous	0.01	0.627352994541079	0.45202336521734	0.942024823411108	-0.00675424354897245	0.0089811568523591	172	26	146	4	0
YBEY	Cauchy	NA	0.705896423871427	0.528706472394387	0.968715520509677	NA	NA	NA	NA	NA	NA	NA
C21orf58	missense;lof	0.01	0.320405930182445	0.211334202328403	0.487375772555672	0.00911607518279456	0.0072934136408797	389	77	312	5	0
C21orf58	missense;lof;synonymous	0.01	0.191108273346784	0.118582485178707	0.495426812531188	0.0106445323296167	0.0068201343645143	487	98	389	7	0
C21orf58	Cauchy	NA	0.242744164420825	0.152944993256852	0.491399916827204	NA	NA	NA	NA	NA	NA	NA
PCNT	missense;lof	0.01	0.670780472017725	0.468511988973329	0.950904595222008	-0.00369760682620981	0.00510083494819775	858	135	723	16	0
PCNT	missense;lof;synonymous	0.01	0.722360270569903	0.508161086395323	0.932528759546835	-0.00279602708746012	0.00422549666905795	1167	187	980	25	0
PCNT	Cauchy	NA	0.698060881489479	0.488291158953345	0.943149645263047	NA	NA	NA	NA	NA	NA	NA
DIP2A	missense;lof	0.01	0.322690251340292	0.232472641067036	0.458481842664626	-0.0116742654313318	0.00977733021962088	170	23	147	2	0
DIP2A	missense;lof;synonymous	0.01	0.330940072060317	0.207396710697479	0.532636825687226	-0.00813201972206348	0.00645011298320075	360	52	308	6	0
DIP2A	Cauchy	NA	0.326782819357337	0.219336834423391	0.495498529418393	NA	NA	NA	NA	NA	NA	NA
PRMT2	missense;lof	0.01	0.2349508	0.2349508	0.2349508	-0.0269777585586984	0.0227142469319503	25	2	23	1	0
PRMT2	missense;lof;synonymous	0.01	0.2349508	0.2349508	0.2349508	-0.0269777585586984	0.0227142469319503	25	2	23	1	0
PRMT2	Cauchy	NA	0.2349508	0.2349508	0.2349508	NA	NA	NA	NA	NA	NA	NA
